TRINITY_DN21464_c0_g1_i1	tr|A0A1Q9E613|A0A1Q9E613_SYMMI	38.298	611	346	10	801	2570	567	1167	6.69e-116	382
TRINITY_DN21412_c0_g2_i2	tr|A0A1Q9E1X6|A0A1Q9E1X6_SYMMI	43.548	62	32	2	521	697	224	285	2.28e-06	51.2
TRINITY_DN21451_c0_g1_i1	tr|A0A1Q9C7J5|A0A1Q9C7J5_SYMMI	27.811	169	97	3	21	452	1556	1724	1.99e-10	58.9
TRINITY_DN21426_c0_g2_i1	tr|A0A1Q9DMD0|A0A1Q9DMD0_SYMMI	46.383	470	235	3	126	1484	34	503	2.34e-134	406
TRINITY_DN21474_c0_g1_i1	tr|A0A1Q9E557|A0A1Q9E557_SYMMI	27.500	240	165	4	938	231	75	309	2.73e-28	114
TRINITY_DN21474_c1_g1_i1	tr|A0A1Q9CMH1|A0A1Q9CMH1_SYMMI	26.442	208	139	3	797	192	1706	1905	5.86e-15	79.3
TRINITY_DN21474_c0_g4_i1	tr|A0A1Q9DA26|A0A1Q9DA26_SYMMI	56.863	51	22	0	440	288	466	516	8.04e-10	62.0
TRINITY_DN21493_c0_g2_i4	tr|A0A1Q9BY78|A0A1Q9BY78_SYMMI	37.963	108	63	2	276	596	610	714	1.97e-12	66.6
TRINITY_DN21493_c0_g2_i5	tr|A0A1Q9BY78|A0A1Q9BY78_SYMMI	40.206	97	54	2	113	400	621	714	9.52e-13	65.1
TRINITY_DN21493_c0_g2_i3	tr|A0A1Q9BY78|A0A1Q9BY78_SYMMI	42.268	97	52	2	279	566	621	714	1.04e-13	70.1
TRINITY_DN21403_c0_g1_i1	tr|A0A1Q9DSI9|A0A1Q9DSI9_SYMMI	42.149	242	127	4	1750	1052	93	330	3.82e-50	180
TRINITY_DN21403_c0_g1_i2	tr|A0A1Q9DSI9|A0A1Q9DSI9_SYMMI	42.149	242	127	4	1434	736	93	330	8.44e-51	180
TRINITY_DN21450_c0_g1_i1	tr|A0A1Q9C5N0|A0A1Q9C5N0_SYMMI	27.941	136	91	4	13	402	184	318	1.54e-09	56.6
TRINITY_DN21471_c0_g2_i1	tr|A0A1Q9DWW8|A0A1Q9DWW8_SYMMI	54.545	110	49	1	659	333	345	454	3.31e-30	118
TRINITY_DN21468_c0_g1_i8	tr|A0A1Q9EPM4|A0A1Q9EPM4_SYMMI	32.584	178	90	8	645	115	473	621	9.87e-14	71.6
TRINITY_DN21468_c0_g1_i8	tr|A0A1Q9EPM4|A0A1Q9EPM4_SYMMI	32.584	178	90	8	645	115	484	632	9.87e-14	71.6
TRINITY_DN21468_c0_g1_i8	tr|A0A1Q9EPM4|A0A1Q9EPM4_SYMMI	32.584	178	90	8	645	115	495	643	9.87e-14	71.6
TRINITY_DN21468_c0_g1_i8	tr|A0A1Q9EPM4|A0A1Q9EPM4_SYMMI	32.584	178	90	8	645	115	506	654	9.87e-14	71.6
TRINITY_DN21468_c0_g1_i8	tr|A0A1Q9EPM4|A0A1Q9EPM4_SYMMI	32.584	178	90	8	645	115	517	665	9.87e-14	71.6
TRINITY_DN21468_c0_g1_i8	tr|A0A1Q9EPM4|A0A1Q9EPM4_SYMMI	32.584	178	95	7	620	102	142	299	1.02e-12	68.6
TRINITY_DN21468_c0_g1_i8	tr|A0A1Q9EPM4|A0A1Q9EPM4_SYMMI	30.319	188	104	7	635	102	162	332	2.38e-11	64.3
TRINITY_DN21468_c0_g1_i8	tr|A0A1Q9EPM4|A0A1Q9EPM4_SYMMI	31.148	183	99	7	620	102	310	475	3.52e-11	63.9
TRINITY_DN21468_c0_g1_i8	tr|A0A1Q9EPM4|A0A1Q9EPM4_SYMMI	31.148	183	99	7	620	102	453	618	3.52e-11	63.9
TRINITY_DN21468_c0_g1_i8	tr|A0A1Q9EPM4|A0A1Q9EPM4_SYMMI	31.148	183	99	7	620	102	464	629	3.52e-11	63.9
TRINITY_DN21468_c0_g1_i8	tr|A0A1Q9EPM4|A0A1Q9EPM4_SYMMI	31.148	183	99	7	620	102	475	640	3.52e-11	63.9
TRINITY_DN21468_c0_g1_i8	tr|A0A1Q9EPM4|A0A1Q9EPM4_SYMMI	31.148	183	99	7	620	102	486	651	3.52e-11	63.9
TRINITY_DN21468_c0_g1_i8	tr|A0A1Q9EPM4|A0A1Q9EPM4_SYMMI	31.148	183	99	7	620	102	497	662	3.52e-11	63.9
TRINITY_DN21468_c0_g1_i8	tr|A0A1Q9EPM4|A0A1Q9EPM4_SYMMI	30.049	203	107	8	620	66	508	693	8.61e-11	62.8
TRINITY_DN21468_c0_g1_i8	tr|A0A1Q9EPM4|A0A1Q9EPM4_SYMMI	39.000	100	49	3	414	115	149	236	1.07e-10	62.4
TRINITY_DN21468_c0_g1_i9	tr|A0A1Q9EPM4|A0A1Q9EPM4_SYMMI	32.584	178	95	7	620	102	142	299	5.87e-13	68.9
TRINITY_DN21468_c0_g1_i9	tr|A0A1Q9EPM4|A0A1Q9EPM4_SYMMI	33.140	172	86	7	630	115	490	632	5.99e-13	68.9
TRINITY_DN21468_c0_g1_i9	tr|A0A1Q9EPM4|A0A1Q9EPM4_SYMMI	33.140	172	86	7	630	115	501	643	5.99e-13	68.9
TRINITY_DN21468_c0_g1_i9	tr|A0A1Q9EPM4|A0A1Q9EPM4_SYMMI	33.140	172	86	7	630	115	512	654	5.99e-13	68.9
TRINITY_DN21468_c0_g1_i9	tr|A0A1Q9EPM4|A0A1Q9EPM4_SYMMI	33.140	172	86	7	630	115	523	665	5.99e-13	68.9
TRINITY_DN21468_c0_g1_i9	tr|A0A1Q9EPM4|A0A1Q9EPM4_SYMMI	30.811	185	101	7	626	102	176	343	1.48e-11	64.7
TRINITY_DN21468_c0_g1_i9	tr|A0A1Q9EPM4|A0A1Q9EPM4_SYMMI	30.811	185	101	7	626	102	319	486	1.48e-11	64.7
TRINITY_DN21468_c0_g1_i9	tr|A0A1Q9EPM4|A0A1Q9EPM4_SYMMI	30.811	185	101	7	626	102	462	629	1.48e-11	64.7
TRINITY_DN21468_c0_g1_i9	tr|A0A1Q9EPM4|A0A1Q9EPM4_SYMMI	30.811	185	101	7	626	102	473	640	1.48e-11	64.7
TRINITY_DN21468_c0_g1_i9	tr|A0A1Q9EPM4|A0A1Q9EPM4_SYMMI	30.811	185	101	7	626	102	484	651	1.48e-11	64.7
TRINITY_DN21468_c0_g1_i9	tr|A0A1Q9EPM4|A0A1Q9EPM4_SYMMI	30.811	185	101	7	626	102	495	662	1.48e-11	64.7
TRINITY_DN21468_c0_g1_i9	tr|A0A1Q9EPM4|A0A1Q9EPM4_SYMMI	29.756	205	109	8	626	66	506	693	3.03e-11	63.9
TRINITY_DN21468_c0_g1_i9	tr|A0A1Q9EPM4|A0A1Q9EPM4_SYMMI	39.000	100	49	3	414	115	149	236	1.51e-10	62.0
TRINITY_DN21468_c0_g1_i12	tr|A0A1Q9EPM4|A0A1Q9EPM4_SYMMI	38.281	128	61	5	498	115	149	258	3.98e-13	68.2
TRINITY_DN21468_c0_g1_i12	tr|A0A1Q9EPM4|A0A1Q9EPM4_SYMMI	33.553	152	82	5	540	115	149	291	1.13e-12	66.6
TRINITY_DN21468_c0_g1_i12	tr|A0A1Q9EPM4|A0A1Q9EPM4_SYMMI	34.177	158	82	6	545	102	154	299	1.35e-12	66.6
TRINITY_DN21468_c0_g1_i12	tr|A0A1Q9EPM4|A0A1Q9EPM4_SYMMI	37.398	123	59	5	483	115	143	247	6.65e-12	64.3
TRINITY_DN21468_c0_g1_i12	tr|A0A1Q9EPM4|A0A1Q9EPM4_SYMMI	33.793	145	69	6	549	115	207	324	9.20e-12	63.9
TRINITY_DN21468_c0_g1_i12	tr|A0A1Q9EPM4|A0A1Q9EPM4_SYMMI	33.793	145	69	6	549	115	218	335	9.20e-12	63.9
TRINITY_DN21468_c0_g1_i12	tr|A0A1Q9EPM4|A0A1Q9EPM4_SYMMI	33.793	145	69	6	549	115	229	346	9.20e-12	63.9
TRINITY_DN21468_c0_g1_i12	tr|A0A1Q9EPM4|A0A1Q9EPM4_SYMMI	33.793	145	69	6	549	115	240	357	9.20e-12	63.9
TRINITY_DN21468_c0_g1_i12	tr|A0A1Q9EPM4|A0A1Q9EPM4_SYMMI	33.793	145	69	6	549	115	251	368	9.20e-12	63.9
TRINITY_DN21468_c0_g1_i12	tr|A0A1Q9EPM4|A0A1Q9EPM4_SYMMI	33.793	145	69	6	549	115	262	379	9.20e-12	63.9
TRINITY_DN21468_c0_g1_i12	tr|A0A1Q9EPM4|A0A1Q9EPM4_SYMMI	33.793	145	69	6	549	115	273	390	9.20e-12	63.9
TRINITY_DN21468_c0_g1_i12	tr|A0A1Q9EPM4|A0A1Q9EPM4_SYMMI	33.793	145	69	6	549	115	284	401	9.20e-12	63.9
TRINITY_DN21468_c0_g1_i12	tr|A0A1Q9EPM4|A0A1Q9EPM4_SYMMI	33.793	145	69	6	549	115	295	412	9.20e-12	63.9
TRINITY_DN21468_c0_g1_i12	tr|A0A1Q9EPM4|A0A1Q9EPM4_SYMMI	33.793	145	69	6	549	115	306	423	9.20e-12	63.9
TRINITY_DN21468_c0_g1_i12	tr|A0A1Q9EPM4|A0A1Q9EPM4_SYMMI	33.793	145	69	6	549	115	317	434	9.20e-12	63.9
TRINITY_DN21468_c0_g1_i12	tr|A0A1Q9EPM4|A0A1Q9EPM4_SYMMI	33.793	145	69	6	549	115	328	445	9.20e-12	63.9
TRINITY_DN21468_c0_g1_i12	tr|A0A1Q9EPM4|A0A1Q9EPM4_SYMMI	33.793	145	69	6	549	115	339	456	9.20e-12	63.9
TRINITY_DN21468_c0_g1_i12	tr|A0A1Q9EPM4|A0A1Q9EPM4_SYMMI	33.793	145	69	6	549	115	350	467	9.20e-12	63.9
TRINITY_DN21468_c0_g1_i12	tr|A0A1Q9EPM4|A0A1Q9EPM4_SYMMI	33.793	145	69	6	549	115	361	478	9.20e-12	63.9
TRINITY_DN21468_c0_g1_i12	tr|A0A1Q9EPM4|A0A1Q9EPM4_SYMMI	33.793	145	69	6	549	115	372	489	9.20e-12	63.9
TRINITY_DN21468_c0_g1_i12	tr|A0A1Q9EPM4|A0A1Q9EPM4_SYMMI	33.793	145	69	6	549	115	383	500	9.20e-12	63.9
TRINITY_DN21468_c0_g1_i12	tr|A0A1Q9EPM4|A0A1Q9EPM4_SYMMI	33.793	145	69	6	549	115	394	511	9.20e-12	63.9
TRINITY_DN21468_c0_g1_i12	tr|A0A1Q9EPM4|A0A1Q9EPM4_SYMMI	33.793	145	69	6	549	115	405	522	9.20e-12	63.9
TRINITY_DN21468_c0_g1_i12	tr|A0A1Q9EPM4|A0A1Q9EPM4_SYMMI	33.793	145	69	6	549	115	416	533	9.20e-12	63.9
TRINITY_DN21468_c0_g1_i12	tr|A0A1Q9EPM4|A0A1Q9EPM4_SYMMI	33.793	145	69	6	549	115	427	544	9.20e-12	63.9
TRINITY_DN21468_c0_g1_i12	tr|A0A1Q9EPM4|A0A1Q9EPM4_SYMMI	33.793	145	69	6	549	115	438	555	9.20e-12	63.9
TRINITY_DN21468_c0_g1_i12	tr|A0A1Q9EPM4|A0A1Q9EPM4_SYMMI	33.793	145	69	6	549	115	449	566	9.20e-12	63.9
TRINITY_DN21468_c0_g1_i12	tr|A0A1Q9EPM4|A0A1Q9EPM4_SYMMI	33.793	145	69	6	549	115	460	577	9.20e-12	63.9
TRINITY_DN21468_c0_g1_i12	tr|A0A1Q9EPM4|A0A1Q9EPM4_SYMMI	33.793	145	69	6	549	115	471	588	9.20e-12	63.9
TRINITY_DN21468_c0_g1_i12	tr|A0A1Q9EPM4|A0A1Q9EPM4_SYMMI	33.793	145	69	6	549	115	482	599	9.20e-12	63.9
TRINITY_DN21468_c0_g1_i12	tr|A0A1Q9EPM4|A0A1Q9EPM4_SYMMI	33.793	145	69	6	549	115	493	610	9.20e-12	63.9
TRINITY_DN21468_c0_g1_i12	tr|A0A1Q9EPM4|A0A1Q9EPM4_SYMMI	33.793	145	69	6	549	115	504	621	9.20e-12	63.9
TRINITY_DN21468_c0_g1_i12	tr|A0A1Q9EPM4|A0A1Q9EPM4_SYMMI	33.793	145	69	6	549	115	515	632	9.20e-12	63.9
TRINITY_DN21468_c0_g1_i12	tr|A0A1Q9EPM4|A0A1Q9EPM4_SYMMI	33.793	145	69	6	549	115	526	643	9.20e-12	63.9
TRINITY_DN21468_c0_g1_i12	tr|A0A1Q9EPM4|A0A1Q9EPM4_SYMMI	33.793	145	69	6	549	115	537	654	9.20e-12	63.9
TRINITY_DN21468_c0_g1_i12	tr|A0A1Q9EPM4|A0A1Q9EPM4_SYMMI	33.793	145	69	6	549	115	548	665	9.20e-12	63.9
TRINITY_DN21468_c0_g1_i12	tr|A0A1Q9EPM4|A0A1Q9EPM4_SYMMI	32.919	161	83	6	554	102	198	343	4.78e-11	62.0
TRINITY_DN21468_c0_g1_i12	tr|A0A1Q9EPM4|A0A1Q9EPM4_SYMMI	32.919	161	83	6	554	102	209	354	4.78e-11	62.0
TRINITY_DN21468_c0_g1_i12	tr|A0A1Q9EPM4|A0A1Q9EPM4_SYMMI	32.919	161	83	6	554	102	220	365	4.78e-11	62.0
TRINITY_DN21468_c0_g1_i12	tr|A0A1Q9EPM4|A0A1Q9EPM4_SYMMI	32.919	161	83	6	554	102	231	376	4.78e-11	62.0
TRINITY_DN21468_c0_g1_i12	tr|A0A1Q9EPM4|A0A1Q9EPM4_SYMMI	32.919	161	83	6	554	102	242	387	4.78e-11	62.0
TRINITY_DN21468_c0_g1_i12	tr|A0A1Q9EPM4|A0A1Q9EPM4_SYMMI	32.919	161	83	6	554	102	253	398	4.78e-11	62.0
TRINITY_DN21468_c0_g1_i12	tr|A0A1Q9EPM4|A0A1Q9EPM4_SYMMI	32.919	161	83	6	554	102	264	409	4.78e-11	62.0
TRINITY_DN21468_c0_g1_i12	tr|A0A1Q9EPM4|A0A1Q9EPM4_SYMMI	32.919	161	83	6	554	102	275	420	4.78e-11	62.0
TRINITY_DN21468_c0_g1_i12	tr|A0A1Q9EPM4|A0A1Q9EPM4_SYMMI	32.919	161	83	6	554	102	286	431	4.78e-11	62.0
TRINITY_DN21468_c0_g1_i12	tr|A0A1Q9EPM4|A0A1Q9EPM4_SYMMI	32.919	161	83	6	554	102	297	442	4.78e-11	62.0
TRINITY_DN21468_c0_g1_i12	tr|A0A1Q9EPM4|A0A1Q9EPM4_SYMMI	32.919	161	83	6	554	102	308	453	4.78e-11	62.0
TRINITY_DN21468_c0_g1_i12	tr|A0A1Q9EPM4|A0A1Q9EPM4_SYMMI	32.919	161	83	6	554	102	319	464	4.78e-11	62.0
TRINITY_DN21468_c0_g1_i12	tr|A0A1Q9EPM4|A0A1Q9EPM4_SYMMI	32.919	161	83	6	554	102	330	475	4.78e-11	62.0
TRINITY_DN21468_c0_g1_i12	tr|A0A1Q9EPM4|A0A1Q9EPM4_SYMMI	32.919	161	83	6	554	102	341	486	4.78e-11	62.0
TRINITY_DN21468_c0_g1_i12	tr|A0A1Q9EPM4|A0A1Q9EPM4_SYMMI	32.919	161	83	6	554	102	352	497	4.78e-11	62.0
TRINITY_DN21468_c0_g1_i12	tr|A0A1Q9EPM4|A0A1Q9EPM4_SYMMI	32.919	161	83	6	554	102	363	508	4.78e-11	62.0
TRINITY_DN21468_c0_g1_i12	tr|A0A1Q9EPM4|A0A1Q9EPM4_SYMMI	32.919	161	83	6	554	102	374	519	4.78e-11	62.0
TRINITY_DN21468_c0_g1_i12	tr|A0A1Q9EPM4|A0A1Q9EPM4_SYMMI	32.919	161	83	6	554	102	385	530	4.78e-11	62.0
TRINITY_DN21468_c0_g1_i12	tr|A0A1Q9EPM4|A0A1Q9EPM4_SYMMI	32.919	161	83	6	554	102	396	541	4.78e-11	62.0
TRINITY_DN21468_c0_g1_i12	tr|A0A1Q9EPM4|A0A1Q9EPM4_SYMMI	32.919	161	83	6	554	102	407	552	4.78e-11	62.0
TRINITY_DN21468_c0_g1_i12	tr|A0A1Q9EPM4|A0A1Q9EPM4_SYMMI	32.919	161	83	6	554	102	418	563	4.78e-11	62.0
TRINITY_DN21468_c0_g1_i12	tr|A0A1Q9EPM4|A0A1Q9EPM4_SYMMI	32.919	161	83	6	554	102	429	574	4.78e-11	62.0
TRINITY_DN21468_c0_g1_i12	tr|A0A1Q9EPM4|A0A1Q9EPM4_SYMMI	32.919	161	83	6	554	102	440	585	4.78e-11	62.0
TRINITY_DN21468_c0_g1_i12	tr|A0A1Q9EPM4|A0A1Q9EPM4_SYMMI	32.919	161	83	6	554	102	451	596	4.78e-11	62.0
TRINITY_DN21468_c0_g1_i12	tr|A0A1Q9EPM4|A0A1Q9EPM4_SYMMI	32.919	161	83	6	554	102	462	607	4.78e-11	62.0
TRINITY_DN21468_c0_g1_i12	tr|A0A1Q9EPM4|A0A1Q9EPM4_SYMMI	32.919	161	83	6	554	102	473	618	4.78e-11	62.0
TRINITY_DN21468_c0_g1_i12	tr|A0A1Q9EPM4|A0A1Q9EPM4_SYMMI	32.919	161	83	6	554	102	484	629	4.78e-11	62.0
TRINITY_DN21468_c0_g1_i12	tr|A0A1Q9EPM4|A0A1Q9EPM4_SYMMI	32.919	161	83	6	554	102	495	640	4.78e-11	62.0
TRINITY_DN21468_c0_g1_i12	tr|A0A1Q9EPM4|A0A1Q9EPM4_SYMMI	32.919	161	83	6	554	102	506	651	4.78e-11	62.0
TRINITY_DN21468_c0_g1_i12	tr|A0A1Q9EPM4|A0A1Q9EPM4_SYMMI	32.919	161	83	6	554	102	517	662	4.78e-11	62.0
TRINITY_DN21468_c0_g1_i12	tr|A0A1Q9EPM4|A0A1Q9EPM4_SYMMI	31.492	181	91	7	554	66	528	693	1.12e-10	60.8
TRINITY_DN21468_c0_g1_i12	tr|A0A1Q9EPM4|A0A1Q9EPM4_SYMMI	35.821	134	65	6	503	102	143	255	2.19e-10	60.1
TRINITY_DN21468_c0_g1_i12	tr|A0A1Q9EPM4|A0A1Q9EPM4_SYMMI	32.308	130	65	6	478	113	141	255	2.36e-07	51.2
TRINITY_DN21468_c0_g1_i12	tr|A0A1Q9EPM4|A0A1Q9EPM4_SYMMI	26.174	149	91	5	544	113	110	244	2.78e-06	48.1
TRINITY_DN21466_c0_g2_i1	tr|A0A1Q9DM70|A0A1Q9DM70_SYMMI	35.859	198	106	6	111	656	884	1076	3.22e-25	105
TRINITY_DN21466_c0_g2_i1	tr|A0A1Q9DM70|A0A1Q9DM70_SYMMI	38.843	121	72	2	36	395	766	885	7.77e-18	84.0
TRINITY_DN21466_c0_g1_i1	tr|A0A1Q9DM70|A0A1Q9DM70_SYMMI	48.246	114	51	3	108	443	642	749	9.51e-30	114
TRINITY_DN21484_c0_g1_i1	tr|A0A1Q9C9Y6|A0A1Q9C9Y6_SYMMI	38.889	54	33	0	28	189	458	511	6.52e-06	46.2
TRINITY_DN21485_c0_g1_i2	tr|A0A2K8DPL0|A0A2K8DPL0_PROMN	27.240	279	152	12	731	1462	437	699	6.80e-07	53.9
TRINITY_DN21485_c0_g1_i1	tr|A0A2K8DPL0|A0A2K8DPL0_PROMN	27.240	279	152	12	731	1462	437	699	6.57e-07	53.9
TRINITY_DN21453_c0_g2_i3	tr|A0A1Q9DBA8|A0A1Q9DBA8_SYMMI	24.623	199	125	6	331	882	102	290	5.24e-08	56.6
TRINITY_DN21453_c0_g2_i1	tr|A0A1Q9DBA8|A0A1Q9DBA8_SYMMI	24.623	199	125	6	273	824	102	290	4.90e-08	56.6
TRINITY_DN21497_c0_g1_i2	tr|A0A1Q9DWC9|A0A1Q9DWC9_SYMMI	25.220	567	322	16	249	1811	132	642	3.41e-32	134
TRINITY_DN21497_c0_g1_i1	tr|A0A1Q9DWC9|A0A1Q9DWC9_SYMMI	25.220	567	322	16	249	1811	132	642	7.04e-32	134
TRINITY_DN21475_c1_g1_i1	tr|A0A1Q9EV37|A0A1Q9EV37_SYMMI	47.959	98	47	1	282	1	4024	4121	1.14e-26	103
TRINITY_DN5625_c2_g1_i3	tr|A0A1Q9F1S0|A0A1Q9F1S0_SYMMI	35.556	630	348	19	2296	500	63	665	1.40e-91	305
TRINITY_DN5625_c2_g1_i4	tr|A0A1Q9F1S0|A0A1Q9F1S0_SYMMI	35.873	630	346	19	2296	500	63	665	8.92e-94	310
TRINITY_DN5625_c2_g1_i5	tr|A0A1Q9F1S0|A0A1Q9F1S0_SYMMI	35.556	630	348	19	2264	468	63	665	4.06e-92	305
TRINITY_DN5625_c2_g1_i2	tr|A0A1Q9F1S0|A0A1Q9F1S0_SYMMI	35.514	642	349	20	2296	485	63	677	3.13e-91	305
TRINITY_DN5625_c1_g1_i1	tr|A0A1Q9E989|A0A1Q9E989_SYMMI	31.602	231	129	8	113	727	3	230	7.66e-25	106
TRINITY_DN5625_c1_g1_i2	tr|A0A1Q9E989|A0A1Q9E989_SYMMI	31.739	230	130	8	113	733	3	228	2.92e-24	105
TRINITY_DN5691_c0_g1_i2	tr|A0A1Q9DMI4|A0A1Q9DMI4_SYMMI	34.711	121	66	4	888	544	594	707	1.02e-08	60.5
TRINITY_DN5691_c0_g1_i8	tr|A0A1Q9DMI4|A0A1Q9DMI4_SYMMI	34.711	121	66	4	1019	675	594	707	1.10e-08	60.5
TRINITY_DN5693_c0_g1_i1	tr|A0A1Q9EHQ5|A0A1Q9EHQ5_SYMMI	29.067	461	256	10	1734	2927	785	1237	1.60e-37	155
TRINITY_DN5693_c0_g1_i1	tr|A0A1Q9EHQ5|A0A1Q9EHQ5_SYMMI	36.000	100	61	2	945	1235	568	667	9.77e-10	65.1
TRINITY_DN5693_c0_g1_i3	tr|A0A1Q9EHQ5|A0A1Q9EHQ5_SYMMI	29.067	461	256	10	1734	2927	785	1237	1.16e-37	156
TRINITY_DN5693_c0_g1_i3	tr|A0A1Q9EHQ5|A0A1Q9EHQ5_SYMMI	36.000	100	61	2	945	1235	568	667	8.13e-10	65.1
TRINITY_DN5603_c0_g1_i1	tr|A0A1Q9F5Z1|A0A1Q9F5Z1_SYMMI	60.714	196	68	2	150	716	984	1177	9.56e-76	259
TRINITY_DN5603_c0_g1_i2	tr|A0A1Q9F5Z1|A0A1Q9F5Z1_SYMMI	60.714	196	68	2	150	716	984	1177	9.28e-76	259
TRINITY_DN5603_c2_g1_i1	tr|A0A1Q9EX87|A0A1Q9EX87_SYMMI	33.333	81	51	2	2039	1800	56	134	7.01e-06	48.5
TRINITY_DN5610_c0_g1_i1	tr|A0A1Q9E273|A0A1Q9E273_SYMMI	45.985	137	74	0	550	960	494	630	7.72e-30	125
TRINITY_DN5607_c0_g1_i1	tr|A0A1Q9CZ61|A0A1Q9CZ61_SYMMI	51.364	220	96	5	1472	834	44	259	6.32e-60	199
TRINITY_DN5607_c0_g1_i2	tr|A0A1Q9CZ61|A0A1Q9CZ61_SYMMI	51.364	220	96	5	1359	721	44	259	2.70e-60	199
TRINITY_DN5630_c0_g1_i4	tr|A0A2K8DRG2|A0A2K8DRG2_PROMN	56.267	375	155	4	137	1237	71	444	4.02e-151	441
TRINITY_DN5630_c0_g1_i5	tr|A0A2K8DRG2|A0A2K8DRG2_PROMN	56.267	375	155	4	137	1237	71	444	6.12e-146	441
TRINITY_DN5614_c0_g1_i3	tr|A0A1Q9DQN1|A0A1Q9DQN1_SYMMI	65.108	278	97	0	1316	483	1149	1426	1.33e-113	367
TRINITY_DN5614_c0_g1_i1	tr|A0A1Q9DQN1|A0A1Q9DQN1_SYMMI	65.108	278	97	0	1311	478	1149	1426	1.29e-113	367
TRINITY_DN5614_c0_g1_i2	tr|A0A1Q9DQN1|A0A1Q9DQN1_SYMMI	65.108	278	97	0	1307	474	1149	1426	1.20e-113	367
TRINITY_DN5665_c0_g1_i6	tr|A0A1Q9DT06|A0A1Q9DT06_SYMMI	34.891	599	335	13	2213	444	7	559	4.30e-77	273
TRINITY_DN5665_c0_g1_i1	tr|A0A1Q9DT06|A0A1Q9DT06_SYMMI	33.887	602	340	13	2028	253	7	560	3.95e-72	256
TRINITY_DN5665_c0_g1_i2	tr|A0A1Q9DT06|A0A1Q9DT06_SYMMI	33.895	593	348	9	2213	444	8	559	2.97e-71	255
TRINITY_DN5665_c0_g1_i4	tr|A0A1Q9CV15|A0A1Q9CV15_SYMMI	32.907	626	345	15	2178	400	1453	2036	2.21e-69	252
TRINITY_DN5665_c0_g1_i8	tr|A0A1Q9CV15|A0A1Q9CV15_SYMMI	33.833	600	328	12	2046	343	1446	2008	2.66e-71	257
TRINITY_DN5665_c0_g1_i5	tr|A0A1Q9DT06|A0A1Q9DT06_SYMMI	33.887	602	340	13	2409	634	7	560	3.13e-71	256
TRINITY_DN5665_c0_g1_i9	tr|A0A1Q9DT06|A0A1Q9DT06_SYMMI	34.224	599	339	13	2185	416	7	559	2.49e-73	261
TRINITY_DN5665_c0_g1_i13	tr|A0A1Q9CV15|A0A1Q9CV15_SYMMI	33.833	600	328	12	2427	724	1446	2008	2.18e-70	257
TRINITY_DN5665_c0_g1_i11	tr|A0A1Q9DT06|A0A1Q9DT06_SYMMI	34.500	600	337	12	2217	445	7	559	5.94e-76	268
TRINITY_DN5665_c0_g1_i15	tr|A0A1Q9CV15|A0A1Q9CV15_SYMMI	33.833	600	328	12	2020	317	1446	2008	2.25e-71	257
TRINITY_DN5665_c0_g1_i10	tr|A0A1Q9DT06|A0A1Q9DT06_SYMMI	34.891	599	335	13	2213	444	7	559	3.96e-77	273
TRINITY_DN5665_c0_g1_i14	tr|A0A1Q9CV15|A0A1Q9CV15_SYMMI	33.833	600	328	12	2318	615	1446	2008	1.24e-70	257
TRINITY_DN5665_c0_g1_i7	tr|A0A1Q9CV15|A0A1Q9CV15_SYMMI	32.449	641	359	13	2239	419	1436	2036	2.62e-69	252
TRINITY_DN5665_c0_g1_i12	tr|A0A1Q9DT06|A0A1Q9DT06_SYMMI	34.966	592	339	12	2201	444	8	559	3.36e-75	266
TRINITY_DN5608_c0_g1_i2	tr|A0A1Q9DKN2|A0A1Q9DKN2_SYMMI	34.085	399	228	12	1643	471	184	555	3.53e-58	216
TRINITY_DN5697_c0_g2_i1	tr|A0A1Q9CAQ4|A0A1Q9CAQ4_SYMMI	44.399	491	250	11	146	1600	14	487	1.47e-124	405
TRINITY_DN5697_c0_g2_i4	tr|A0A1Q9CAQ4|A0A1Q9CAQ4_SYMMI	44.399	491	250	11	146	1600	14	487	1.57e-125	405
TRINITY_DN5697_c0_g2_i3	tr|A0A1Q9CAQ4|A0A1Q9CAQ4_SYMMI	44.399	491	250	11	146	1600	14	487	1.05e-124	405
TRINITY_DN5670_c0_g2_i1	tr|A0A2K8DNW3|A0A2K8DNW3_PROMN	37.221	583	347	10	1902	205	56	636	9.84e-122	381
TRINITY_DN5695_c0_g1_i3	tr|A0A1Q9EM02|A0A1Q9EM02_SYMMI	32.275	189	121	3	1800	1240	129	312	3.69e-24	107
TRINITY_DN5647_c1_g1_i2	tr|A0A1Q9CSQ2|A0A1Q9CSQ2_SYMMI	38.356	73	41	2	1089	1301	4537	4607	5.19e-06	51.2
TRINITY_DN5647_c1_g1_i1	tr|A0A1Q9CSQ2|A0A1Q9CSQ2_SYMMI	38.356	73	41	2	1271	1483	4537	4607	6.08e-06	51.2
TRINITY_DN5647_c1_g1_i3	tr|A0A1Q9CSQ2|A0A1Q9CSQ2_SYMMI	38.356	73	41	2	1291	1503	4537	4607	6.18e-06	51.2
TRINITY_DN5649_c0_g1_i1	tr|A7WQI4|A7WQI4_OXYMA	65.957	141	48	0	476	54	20	160	1.96e-61	187
TRINITY_DN5617_c0_g1_i9	tr|A0A1Q9BVN0|A0A1Q9BVN0_SYMMI	30.847	295	156	8	584	1393	125	396	1.29e-17	88.2
TRINITY_DN5617_c0_g1_i9	tr|A0A1Q9BVN0|A0A1Q9BVN0_SYMMI	32.174	230	138	9	707	1393	85	297	4.86e-11	67.4
TRINITY_DN5617_c0_g1_i2	tr|A0A1Q9BVN0|A0A1Q9BVN0_SYMMI	30.847	295	156	8	584	1393	125	396	6.97e-18	88.2
TRINITY_DN5617_c0_g1_i2	tr|A0A1Q9BVN0|A0A1Q9BVN0_SYMMI	32.174	230	138	9	707	1393	85	297	2.82e-11	67.4
TRINITY_DN5617_c0_g1_i12	tr|A0A1Q9BVN0|A0A1Q9BVN0_SYMMI	30.847	295	156	8	584	1393	125	396	1.22e-17	88.2
TRINITY_DN5617_c0_g1_i12	tr|A0A1Q9BVN0|A0A1Q9BVN0_SYMMI	32.174	230	138	9	707	1393	85	297	4.62e-11	67.4
TRINITY_DN5617_c0_g1_i3	tr|A0A1Q9D1L6|A0A1Q9D1L6_SYMMI	31.852	135	67	2	584	988	721	830	1.20e-12	52.8
TRINITY_DN5617_c0_g1_i3	tr|A0A1Q9D1L6|A0A1Q9D1L6_SYMMI	34.409	93	49	2	1062	1325	841	926	1.20e-12	41.2
TRINITY_DN5617_c0_g1_i3	tr|A0A1Q9D1L6|A0A1Q9D1L6_SYMMI	32.593	135	66	2	584	988	787	896	3.24e-11	54.7
TRINITY_DN5617_c0_g1_i3	tr|A0A1Q9D1L6|A0A1Q9D1L6_SYMMI	32.258	93	51	2	1062	1325	907	992	3.24e-11	34.3
TRINITY_DN5617_c0_g1_i3	tr|A0A1Q9D1L6|A0A1Q9D1L6_SYMMI	33.333	135	65	2	584	988	853	962	4.38e-11	53.9
TRINITY_DN5617_c0_g1_i3	tr|A0A1Q9D1L6|A0A1Q9D1L6_SYMMI	32.258	93	51	2	1062	1325	973	1058	4.38e-11	34.3
TRINITY_DN5617_c0_g1_i3	tr|A0A1Q9D1L6|A0A1Q9D1L6_SYMMI	30.818	159	70	3	584	988	886	1028	4.66e-10	50.4
TRINITY_DN5617_c0_g1_i3	tr|A0A1Q9D1L6|A0A1Q9D1L6_SYMMI	32.258	93	51	2	1062	1325	1039	1124	4.66e-10	34.3
TRINITY_DN5617_c0_g1_i3	tr|A0A1Q9D1L6|A0A1Q9D1L6_SYMMI	34.074	135	64	4	584	988	1150	1259	7.22e-10	48.5
TRINITY_DN5617_c0_g1_i3	tr|A0A1Q9D1L6|A0A1Q9D1L6_SYMMI	30.851	94	51	2	1062	1325	1270	1355	7.22e-10	35.8
TRINITY_DN5617_c0_g1_i3	tr|A0A1Q9D1L6|A0A1Q9D1L6_SYMMI	32.593	135	66	3	584	988	1018	1127	8.49e-10	48.9
TRINITY_DN5617_c0_g1_i3	tr|A0A1Q9D1L6|A0A1Q9D1L6_SYMMI	30.088	113	67	2	1002	1325	1151	1256	8.49e-10	35.0
TRINITY_DN5617_c0_g1_i3	tr|A0A1Q9D1L6|A0A1Q9D1L6_SYMMI	32.593	135	66	2	584	988	589	698	2.09e-07	56.2
TRINITY_DN5617_c0_g1_i3	tr|A0A1Q9D1L6|A0A1Q9D1L6_SYMMI	31.852	135	67	2	584	988	655	764	5.13e-07	54.7
TRINITY_DN5617_c0_g1_i3	tr|A0A1Q9D1L6|A0A1Q9D1L6_SYMMI	31.852	135	67	2	584	988	622	731	8.99e-07	53.9
TRINITY_DN5617_c0_g1_i3	tr|A0A1Q9D1L6|A0A1Q9D1L6_SYMMI	33.333	135	65	2	584	988	556	665	1.30e-06	53.5
TRINITY_DN5617_c0_g1_i3	tr|A0A1Q9D1L6|A0A1Q9D1L6_SYMMI	33.333	135	65	2	584	988	523	632	1.31e-06	53.5
TRINITY_DN5617_c0_g1_i3	tr|A0A1Q9D1L6|A0A1Q9D1L6_SYMMI	31.852	135	67	2	584	988	688	797	1.35e-06	53.5
TRINITY_DN5617_c0_g1_i3	tr|A0A1Q9D1L6|A0A1Q9D1L6_SYMMI	31.852	135	67	2	584	988	754	863	3.13e-06	52.4
TRINITY_DN5617_c0_g1_i3	tr|A0A1Q9D1L6|A0A1Q9D1L6_SYMMI	37.113	97	51	1	698	988	1206	1292	3.29e-06	45.1
TRINITY_DN5617_c0_g1_i3	tr|A0A1Q9D1L6|A0A1Q9D1L6_SYMMI	27.273	88	62	1	1062	1325	1303	1388	3.29e-06	26.6
TRINITY_DN5617_c0_g1_i3	tr|A0A1Q9D1L6|A0A1Q9D1L6_SYMMI	32.593	135	66	2	584	988	1051	1160	3.56e-06	52.0
TRINITY_DN5617_c0_g1_i3	tr|A0A1Q9D1L6|A0A1Q9D1L6_SYMMI	31.111	135	68	2	584	988	1117	1226	8.90e-06	50.8
TRINITY_DN5617_c0_g1_i13	tr|A0A1Q9BVN0|A0A1Q9BVN0_SYMMI	30.847	295	156	8	584	1393	125	396	1.18e-17	88.2
TRINITY_DN5617_c0_g1_i13	tr|A0A1Q9BVN0|A0A1Q9BVN0_SYMMI	32.174	230	138	9	707	1393	85	297	4.49e-11	67.4
TRINITY_DN5645_c0_g1_i4	tr|A4UHA7|A4UHA7_ALEFU	40.571	175	97	2	932	420	23	194	6.18e-42	146
TRINITY_DN5645_c0_g1_i2	tr|A4UHA7|A4UHA7_ALEFU	40.571	175	97	2	824	312	23	194	2.45e-42	146
TRINITY_DN5645_c0_g1_i3	tr|A4UHA7|A4UHA7_ALEFU	40.571	175	97	2	1489	977	23	194	2.11e-40	146
TRINITY_DN5645_c0_g1_i6	tr|A4UHA7|A4UHA7_ALEFU	40.571	175	97	2	1281	769	23	194	7.20e-41	146
TRINITY_DN5645_c0_g1_i1	tr|A4UHA7|A4UHA7_ALEFU	40.571	175	97	2	1041	529	23	194	1.47e-41	146
TRINITY_DN5696_c0_g2_i1	tr|F2WQ34|F2WQ34_KARVE	67.416	267	87	0	1040	240	24	290	3.51e-138	396
TRINITY_DN5696_c0_g2_i2	tr|F2WQ34|F2WQ34_KARVE	67.416	267	87	0	1038	238	24	290	3.51e-138	396
TRINITY_DN5640_c0_g1_i2	tr|E8Z6K3|E8Z6K3_PFIPI	29.375	160	98	5	202	672	3	150	1.33e-11	65.5
TRINITY_DN5640_c0_g1_i4	tr|E8Z6K3|E8Z6K3_PFIPI	29.375	160	98	5	202	672	3	150	1.18e-11	65.5
TRINITY_DN5640_c0_g1_i1	tr|E8Z6K3|E8Z6K3_PFIPI	29.070	172	95	6	202	708	3	150	6.46e-12	65.9
TRINITY_DN5666_c0_g4_i4	tr|A0A1Q9CCH8|A0A1Q9CCH8_SYMMI	66.038	53	18	0	1351	1193	1288	1340	1.74e-15	80.5
TRINITY_DN5666_c0_g4_i3	tr|A0A1Q9CCH8|A0A1Q9CCH8_SYMMI	66.038	53	18	0	5089	4931	1288	1340	2.49e-14	80.5
TRINITY_DN5666_c0_g4_i1	tr|A0A1Q9EHV1|A0A1Q9EHV1_SYMMI	47.414	116	56	1	5266	4934	626	741	1.93e-21	103
TRINITY_DN5666_c0_g4_i2	tr|A0A1Q9EHV1|A0A1Q9EHV1_SYMMI	47.414	116	56	1	4978	4646	626	741	1.80e-21	103
TRINITY_DN5619_c0_g1_i3	tr|A0A1Q9EH46|A0A1Q9EH46_SYMMI	35.897	78	50	0	418	651	8	85	2.37e-09	56.2
TRINITY_DN5619_c0_g1_i4	tr|A0A1Q9EH46|A0A1Q9EH46_SYMMI	35.897	78	50	0	418	651	8	85	2.66e-09	56.2
TRINITY_DN5619_c0_g1_i10	tr|A0A1Q9EH46|A0A1Q9EH46_SYMMI	35.897	78	50	0	418	651	8	85	2.37e-09	56.2
TRINITY_DN5619_c0_g1_i2	tr|A0A1Q9EH46|A0A1Q9EH46_SYMMI	35.897	78	50	0	405	638	8	85	2.65e-09	56.2
TRINITY_DN5619_c0_g1_i5	tr|A0A1Q9EH46|A0A1Q9EH46_SYMMI	35.897	78	50	0	405	638	8	85	2.35e-09	56.2
TRINITY_DN5619_c0_g1_i1	tr|A0A1Q9EH46|A0A1Q9EH46_SYMMI	35.897	78	50	0	405	638	8	85	2.35e-09	56.2
TRINITY_DN5619_c0_g1_i9	tr|A0A1Q9EH46|A0A1Q9EH46_SYMMI	35.897	78	50	0	405	638	8	85	3.25e-09	56.2
TRINITY_DN5646_c2_g1_i5	tr|A0A1Q9EGW4|A0A1Q9EGW4_SYMMI	35.593	59	27	1	1955	1812	739	797	1.33e-06	55.1
TRINITY_DN5646_c2_g1_i1	tr|A0A1Q9EGW4|A0A1Q9EGW4_SYMMI	35.593	59	27	1	2010	1867	739	797	1.35e-06	55.1
TRINITY_DN5658_c0_g2_i1	tr|A0A1Q9EG93|A0A1Q9EG93_SYMMI	54.722	413	179	3	55	1275	1	411	3.56e-151	447
TRINITY_DN5642_c0_g1_i1	tr|A0A1Q9C7V3|A0A1Q9C7V3_SYMMI	36.267	375	195	7	119	1219	102	440	6.16e-64	240
TRINITY_DN5642_c0_g1_i9	tr|A0A1Q9C7V3|A0A1Q9C7V3_SYMMI	36.267	375	195	7	119	1219	102	440	5.73e-64	240
TRINITY_DN5642_c0_g1_i10	tr|A0A1Q9C7V3|A0A1Q9C7V3_SYMMI	36.267	375	195	7	119	1219	102	440	5.61e-64	240
TRINITY_DN5642_c0_g1_i11	tr|A0A1Q9C7V3|A0A1Q9C7V3_SYMMI	36.267	375	195	7	119	1219	102	440	5.82e-64	240
TRINITY_DN5642_c0_g1_i2	tr|A0A1Q9C7V3|A0A1Q9C7V3_SYMMI	36.267	375	195	7	119	1219	102	440	6.16e-64	240
TRINITY_DN5663_c0_g1_i5	tr|A0A1Q9C606|A0A1Q9C606_SYMMI	39.738	458	263	5	480	1823	276	730	8.95e-94	311
TRINITY_DN5662_c0_g1_i2	tr|A0A1Q9C7H6|A0A1Q9C7H6_SYMMI	54.908	927	408	4	3175	419	404	1328	0.0	1085
TRINITY_DN5699_c0_g1_i2	tr|A0A1Q9DD75|A0A1Q9DD75_SYMMI	43.229	192	105	2	91	666	924	1111	5.07e-44	159
TRINITY_DN5699_c0_g1_i3	tr|A0A1Q9DD75|A0A1Q9DD75_SYMMI	43.229	192	105	2	52	627	924	1111	3.30e-44	159
TRINITY_DN5605_c0_g1_i1	tr|A0A1Q9D879|A0A1Q9D879_SYMMI	42.222	135	77	1	768	1172	1680	1813	6.01e-25	110
TRINITY_DN5611_c0_g1_i1	tr|A0A1Q9DVN6|A0A1Q9DVN6_SYMMI	27.794	698	435	14	2313	355	1	674	4.09e-56	209
TRINITY_DN5611_c0_g1_i2	tr|A0A1Q9DVN6|A0A1Q9DVN6_SYMMI	27.794	698	435	14	2208	250	1	674	2.73e-56	209
TRINITY_DN5611_c1_g1_i4	tr|A0A1Q9C2L2|A0A1Q9C2L2_SYMMI	36.464	181	83	2	1148	702	480	660	1.41e-26	115
TRINITY_DN5611_c0_g2_i5	tr|A0A1Q9DVN6|A0A1Q9DVN6_SYMMI	28.489	695	434	13	2367	409	1	674	2.99e-60	221
TRINITY_DN5611_c0_g2_i1	tr|A0A1Q9DVN6|A0A1Q9DVN6_SYMMI	28.489	695	434	13	2425	467	1	674	3.79e-60	221
TRINITY_DN5611_c0_g2_i4	tr|A0A1Q9DVN6|A0A1Q9DVN6_SYMMI	29.454	421	243	7	1528	377	271	674	6.97e-54	149
TRINITY_DN5611_c0_g2_i4	tr|A0A1Q9DVN6|A0A1Q9DVN6_SYMMI	26.953	256	180	4	2336	1581	1	253	6.97e-54	83.2
TRINITY_DN5611_c0_g2_i3	tr|A0A1Q9DVN6|A0A1Q9DVN6_SYMMI	27.843	686	447	10	2205	256	1	674	4.99e-64	231
TRINITY_DN5623_c0_g1_i8	tr|A0A1Q9C5M6|A0A1Q9C5M6_SYMMI	32.571	175	115	1	1986	1462	131	302	1.71e-21	101
TRINITY_DN5623_c0_g1_i3	tr|A0A1Q9C5M6|A0A1Q9C5M6_SYMMI	32.571	175	115	1	2161	1637	131	302	1.99e-21	101
TRINITY_DN5623_c0_g1_i9	tr|A0A1Q9C5M6|A0A1Q9C5M6_SYMMI	32.571	175	115	1	2145	1621	131	302	1.96e-21	101
TRINITY_DN5623_c0_g1_i2	tr|A0A1Q9C5M6|A0A1Q9C5M6_SYMMI	32.571	175	115	1	2218	1694	131	302	2.08e-21	101
TRINITY_DN5623_c0_g1_i7	tr|A0A1Q9C5M6|A0A1Q9C5M6_SYMMI	32.571	175	115	1	2202	1678	131	302	2.05e-21	101
TRINITY_DN5629_c0_g1_i1	tr|A0A1Q9CCU0|A0A1Q9CCU0_SYMMI	36.458	96	54	3	1072	803	508	602	5.15e-08	56.6
TRINITY_DN5629_c0_g1_i1	tr|A0A1Q9CCU0|A0A1Q9CCU0_SYMMI	34.118	85	54	2	1051	797	581	663	5.50e-06	50.4
TRINITY_DN5628_c0_g1_i6	tr|A0A1Q9C1Q7|A0A1Q9C1Q7_SYMMI	30.000	480	237	16	1564	347	159	613	1.82e-51	192
TRINITY_DN5628_c0_g1_i2	tr|A0A1Q9C1Q7|A0A1Q9C1Q7_SYMMI	30.000	480	237	16	1478	261	159	613	1.14e-51	192
TRINITY_DN5628_c0_g1_i1	tr|A0A1Q9C1Q7|A0A1Q9C1Q7_SYMMI	30.000	480	237	16	1459	242	159	613	1.03e-51	192
TRINITY_DN5628_c0_g1_i5	tr|A0A1Q9C1Q7|A0A1Q9C1Q7_SYMMI	30.000	480	237	16	1860	643	159	613	6.86e-51	192
TRINITY_DN5694_c0_g1_i1	tr|Q945B3|Q945B3_CRYCO	34.483	174	111	2	1630	1115	47	219	5.22e-28	113
TRINITY_DN5694_c0_g1_i3	tr|Q945B3|Q945B3_CRYCO	34.483	174	111	2	1588	1073	47	219	4.96e-28	113
TRINITY_DN5694_c0_g1_i6	tr|Q945B3|Q945B3_CRYCO	34.483	174	111	2	1645	1130	47	219	5.31e-28	113
TRINITY_DN5602_c1_g1_i4	tr|A0A1Q9DVI4|A0A1Q9DVI4_SYMMI	41.096	146	74	2	1475	1038	747	880	4.03e-28	120
TRINITY_DN5602_c1_g1_i6	tr|A0A1Q9DVI4|A0A1Q9DVI4_SYMMI	41.096	146	74	2	1353	916	747	880	3.00e-29	123
TRINITY_DN5609_c0_g1_i2	tr|A0A1Q9ETF0|A0A1Q9ETF0_SYMMI	40.191	209	120	5	910	293	301	507	3.53e-31	127
TRINITY_DN5609_c0_g1_i5	tr|A0A1Q9ETF0|A0A1Q9ETF0_SYMMI	40.191	209	120	5	1462	845	301	507	1.49e-30	127
TRINITY_DN5609_c0_g1_i7	tr|A0A1Q9ETF0|A0A1Q9ETF0_SYMMI	40.191	209	120	5	1075	458	301	507	6.42e-31	127
TRINITY_DN37818_c0_g1_i1	tr|A0A1Q9D9C6|A0A1Q9D9C6_SYMMI	38.889	72	44	0	735	520	56	127	1.98e-09	59.7
TRINITY_DN37882_c1_g1_i1	tr|A0A1Q9BXG7|A0A1Q9BXG7_SYMMI	32.039	103	67	3	300	1	422	524	1.47e-13	65.9
TRINITY_DN37882_c1_g1_i1	tr|A0A1Q9BXG7|A0A1Q9BXG7_SYMMI	31.068	103	68	3	300	1	393	495	2.61e-11	59.7
TRINITY_DN37882_c1_g1_i1	tr|A0A1Q9BXG7|A0A1Q9BXG7_SYMMI	31.169	77	51	2	225	1	390	466	4.79e-07	47.4
TRINITY_DN37882_c0_g1_i1	tr|A0A1Q9BXG7|A0A1Q9BXG7_SYMMI	32.576	132	83	6	394	17	393	524	2.23e-15	72.4
TRINITY_DN37882_c0_g1_i1	tr|A0A1Q9BXG7|A0A1Q9BXG7_SYMMI	32.381	105	67	4	319	17	391	495	1.02e-11	62.0
TRINITY_DN37889_c0_g4_i1	tr|A0A1Q9D310|A0A1Q9D310_SYMMI	27.041	196	129	6	930	373	1111	1302	1.78e-14	79.7
TRINITY_DN37862_c0_g1_i1	tr|A0A1Q9CGY9|A0A1Q9CGY9_SYMMI	38.835	103	39	2	311	3	1892	1970	9.06e-17	77.0
TRINITY_DN37862_c0_g1_i1	tr|A0A1Q9CGY9|A0A1Q9CGY9_SYMMI	60.526	38	15	0	440	327	1789	1826	1.05e-08	53.9
TRINITY_DN28793_c0_g1_i2	tr|E8Z695|E8Z695_PFIPI	65.000	40	14	0	158	277	22	61	1.05e-10	53.5
TRINITY_DN28793_c0_g1_i1	tr|E8Z695|E8Z695_PFIPI	67.500	40	13	0	158	277	22	61	6.16e-11	55.1
TRINITY_DN28798_c0_g1_i1	tr|A0A1Q9DNG3|A0A1Q9DNG3_SYMMI	37.405	131	64	5	1731	2123	326	438	2.00e-08	59.3
TRINITY_DN28778_c0_g1_i1	tr|A0A1Q9DMF8|A0A1Q9DMF8_SYMMI	40.303	330	186	4	1248	292	106	435	6.66e-62	219
TRINITY_DN28742_c1_g2_i1	tr|A0A1Q9E3K4|A0A1Q9E3K4_SYMMI	77.612	67	15	0	114	314	638	704	2.06e-29	111
TRINITY_DN28742_c1_g3_i1	tr|A0A1Q9EE61|A0A1Q9EE61_SYMMI	55.357	168	75	0	1749	1246	53	220	8.40e-54	201
TRINITY_DN28742_c1_g3_i1	tr|A0A1Q9EE61|A0A1Q9EE61_SYMMI	42.975	121	69	0	786	424	629	749	4.28e-29	125
TRINITY_DN28751_c0_g1_i1	tr|A0A1Q9DSU3|A0A1Q9DSU3_SYMMI	47.383	363	172	7	185	1252	39	389	2.13e-98	332
TRINITY_DN28751_c0_g1_i2	tr|A0A1Q9DSU3|A0A1Q9DSU3_SYMMI	47.383	363	172	7	185	1252	39	389	1.82e-98	332
TRINITY_DN28730_c0_g1_i1	tr|A0A1Q9CBX7|A0A1Q9CBX7_SYMMI	27.219	169	112	4	2753	3235	52	217	6.65e-09	61.6
TRINITY_DN28711_c1_g2_i1	tr|A0A1Q9CAF2|A0A1Q9CAF2_SYMMI	55.319	47	21	0	56	196	806	852	7.36e-12	59.7
TRINITY_DN28762_c0_g1_i1	tr|A0A1Q9C6X5|A0A1Q9C6X5_SYMMI	46.921	471	206	12	1525	164	191	634	5.56e-123	395
TRINITY_DN28777_c0_g1_i1	tr|A0A1Q9E8V8|A0A1Q9E8V8_SYMMI	45.217	115	62	1	66	407	453	567	4.83e-31	118
TRINITY_DN28788_c0_g1_i1	tr|A0A1Q9C1A9|A0A1Q9C1A9_SYMMI	58.209	67	28	0	202	2	70	136	4.39e-22	85.9
TRINITY_DN28709_c0_g1_i1	tr|A3E3L8|A3E3L8_PFIPI	31.313	99	61	3	295	5	61	154	9.52e-07	45.8
TRINITY_DN28782_c0_g1_i1	tr|A0A1Q9ECU9|A0A1Q9ECU9_SYMMI	40.065	307	166	6	973	89	151	451	2.18e-40	148
TRINITY_DN28757_c0_g1_i1	tr|A0A1Q9DM26|A0A1Q9DM26_SYMMI	33.168	202	123	3	663	82	163	360	4.72e-30	115
TRINITY_DN28740_c0_g1_i3	tr|A0A1Q9CYI9|A0A1Q9CYI9_SYMMI	48.684	228	111	3	167	844	53	276	3.12e-52	177
TRINITY_DN28740_c0_g1_i2	tr|A0A1Q9CYI9|A0A1Q9CYI9_SYMMI	48.684	228	111	3	130	807	53	276	4.97e-53	177
TRINITY_DN28740_c0_g1_i4	tr|A0A1Q9CYI9|A0A1Q9CYI9_SYMMI	48.684	228	111	3	49	726	53	276	2.02e-52	177
TRINITY_DN28740_c0_g1_i14	tr|A0A1Q9CYI9|A0A1Q9CYI9_SYMMI	48.684	228	111	3	164	841	53	276	3.36e-52	177
TRINITY_DN28740_c0_g1_i9	tr|A0A1Q9CYI9|A0A1Q9CYI9_SYMMI	48.684	228	111	3	167	844	53	276	7.00e-53	177
TRINITY_DN28740_c0_g1_i13	tr|A0A1Q9CYI9|A0A1Q9CYI9_SYMMI	48.684	228	111	3	130	807	53	276	2.30e-52	177
TRINITY_DN28740_c0_g1_i10	tr|A0A1Q9CYI9|A0A1Q9CYI9_SYMMI	48.684	228	111	3	164	841	53	276	3.04e-52	177
TRINITY_DN28740_c0_g1_i11	tr|A0A1Q9CYI9|A0A1Q9CYI9_SYMMI	48.684	228	111	3	164	841	53	276	6.80e-53	177
TRINITY_DN28740_c0_g1_i8	tr|A0A1Q9CYI9|A0A1Q9CYI9_SYMMI	48.684	228	111	3	164	841	53	276	2.97e-52	177
TRINITY_DN28783_c0_g1_i1	tr|A0A1Q9F263|A0A1Q9F263_SYMMI	38.095	84	37	4	31	270	1176	1248	1.40e-06	48.1
TRINITY_DN12481_c0_g1_i13	tr|A0A1Q9DS80|A0A1Q9DS80_SYMMI	29.767	215	140	6	298	915	252	464	1.83e-23	103
TRINITY_DN12481_c0_g1_i8	tr|A0A1Q9DS80|A0A1Q9DS80_SYMMI	29.767	215	140	6	312	929	252	464	1.90e-23	103
TRINITY_DN12481_c0_g1_i12	tr|A0A1Q9DS80|A0A1Q9DS80_SYMMI	29.767	215	140	6	363	980	252	464	2.20e-23	103
TRINITY_DN12481_c0_g1_i5	tr|A0A1Q9DS80|A0A1Q9DS80_SYMMI	32.402	179	110	6	366	875	288	464	1.17e-22	101
TRINITY_DN12498_c0_g1_i4	tr|A0A1Q9CZJ5|A0A1Q9CZJ5_SYMMI	42.436	747	340	16	94	2175	3	712	1.57e-163	526
TRINITY_DN12498_c0_g1_i3	tr|A0A1Q9CZJ5|A0A1Q9CZJ5_SYMMI	42.436	747	340	16	94	2175	3	712	2.16e-162	526
TRINITY_DN12498_c0_g1_i2	tr|A0A1Q9CZJ5|A0A1Q9CZJ5_SYMMI	42.436	747	340	16	94	2175	3	712	4.45e-163	526
TRINITY_DN12423_c0_g2_i1	tr|A0A1Q9DSN1|A0A1Q9DSN1_SYMMI	31.507	73	49	1	325	107	1110	1181	4.67e-06	45.8
TRINITY_DN12449_c0_g1_i1	tr|A0A1Q9E3P9|A0A1Q9E3P9_SYMMI	44.800	125	69	0	1	375	635	759	2.11e-30	128
TRINITY_DN12449_c0_g1_i2	tr|A0A1Q9E3P9|A0A1Q9E3P9_SYMMI	37.500	216	126	2	3	647	593	800	3.32e-40	159
TRINITY_DN12449_c0_g1_i4	tr|A0A1Q9E3P9|A0A1Q9E3P9_SYMMI	37.500	216	126	2	3	647	593	800	6.12e-40	159
TRINITY_DN12449_c0_g3_i1	tr|A0A1Q9E7B9|A0A1Q9E7B9_SYMMI	52.113	142	66	2	1629	1204	462	601	6.84e-40	157
TRINITY_DN12443_c0_g1_i1	tr|A0A1Q9C4U3|A0A1Q9C4U3_SYMMI	29.842	888	560	22	2823	247	116	969	5.53e-107	363
TRINITY_DN12443_c0_g1_i2	tr|A0A1Q9C4U3|A0A1Q9C4U3_SYMMI	29.842	888	560	22	2823	247	116	969	5.32e-107	364
TRINITY_DN12496_c0_g1_i3	tr|E8Z749|E8Z749_KARVE	65.625	64	22	0	38	229	1	64	1.18e-23	92.4
TRINITY_DN12496_c0_g1_i4	tr|E8Z749|E8Z749_KARVE	56.098	41	18	0	58	180	24	64	3.05e-09	53.5
TRINITY_DN12496_c0_g1_i5	tr|E8Z749|E8Z749_KARVE	56.098	41	18	0	58	180	24	64	2.68e-09	53.5
TRINITY_DN12496_c0_g1_i1	tr|E8Z749|E8Z749_KARVE	65.625	64	22	0	38	229	1	64	8.71e-24	92.4
TRINITY_DN12422_c0_g1_i2	tr|A0A1Q9CZ61|A0A1Q9CZ61_SYMMI	30.070	143	89	3	1247	840	81	219	1.13e-08	57.4
TRINITY_DN12422_c0_g1_i1	tr|A0A1Q9CZ61|A0A1Q9CZ61_SYMMI	30.769	143	88	4	565	158	81	219	2.92e-09	57.4
TRINITY_DN12455_c0_g1_i1	tr|A0A1Q9D3J4|A0A1Q9D3J4_SYMMI	32.857	280	154	9	169	921	304	578	1.54e-26	112
TRINITY_DN12455_c0_g1_i2	tr|A0A1Q9D3J4|A0A1Q9D3J4_SYMMI	32.857	280	154	9	186	938	304	578	1.68e-26	112
TRINITY_DN12403_c0_g1_i1	tr|A0A1Q9D886|A0A1Q9D886_SYMMI	59.429	525	203	4	110	1672	2266	2784	0.0	599
TRINITY_DN12457_c0_g1_i6	tr|A0A1Q9E373|A0A1Q9E373_SYMMI	51.667	60	28	1	1745	1921	283	342	2.32e-09	62.8
TRINITY_DN12457_c0_g1_i6	tr|A0A1Q9E373|A0A1Q9E373_SYMMI	45.455	55	30	0	32	196	30	84	1.32e-08	60.5
TRINITY_DN12457_c0_g1_i2	tr|A0A1Q9E373|A0A1Q9E373_SYMMI	51.667	60	28	1	1745	1921	283	342	2.30e-09	62.8
TRINITY_DN12457_c0_g1_i2	tr|A0A1Q9E373|A0A1Q9E373_SYMMI	45.455	55	30	0	32	196	30	84	1.31e-08	60.5
TRINITY_DN12457_c0_g1_i3	tr|A0A1Q9E373|A0A1Q9E373_SYMMI	51.667	60	28	1	1745	1921	283	342	2.19e-09	62.8
TRINITY_DN12457_c0_g1_i3	tr|A0A1Q9E373|A0A1Q9E373_SYMMI	45.455	55	30	0	32	196	30	84	1.24e-08	60.5
TRINITY_DN12457_c0_g1_i5	tr|A0A1Q9E373|A0A1Q9E373_SYMMI	51.667	60	28	1	1745	1921	283	342	2.40e-09	62.8
TRINITY_DN12457_c0_g1_i5	tr|A0A1Q9E373|A0A1Q9E373_SYMMI	45.455	55	30	0	32	196	30	84	1.36e-08	60.5
TRINITY_DN12457_c0_g1_i4	tr|A0A1Q9E373|A0A1Q9E373_SYMMI	51.667	60	28	1	1745	1921	283	342	1.82e-09	62.8
TRINITY_DN12457_c0_g1_i4	tr|A0A1Q9E373|A0A1Q9E373_SYMMI	45.455	55	30	0	32	196	30	84	1.04e-08	60.5
TRINITY_DN12457_c0_g1_i1	tr|A0A1Q9E373|A0A1Q9E373_SYMMI	51.667	60	28	1	1745	1921	283	342	2.25e-09	62.8
TRINITY_DN12457_c0_g1_i1	tr|A0A1Q9E373|A0A1Q9E373_SYMMI	45.455	55	30	0	32	196	30	84	1.28e-08	60.5
TRINITY_DN12475_c0_g1_i3	tr|A0A1Q9D6M3|A0A1Q9D6M3_SYMMI	36.640	988	466	27	45	2828	412	1299	1.13e-156	502
TRINITY_DN12475_c0_g1_i1	tr|A0A1Q9D6M3|A0A1Q9D6M3_SYMMI	36.640	988	466	27	45	2828	412	1299	1.96e-156	502
TRINITY_DN12475_c0_g1_i4	tr|A0A1Q9D6M3|A0A1Q9D6M3_SYMMI	36.640	988	466	27	45	2828	412	1299	1.23e-158	502
TRINITY_DN12477_c0_g1_i4	tr|A0A1Q9CJA7|A0A1Q9CJA7_SYMMI	51.323	189	86	3	61	618	1780	1965	8.97e-55	194
TRINITY_DN12477_c0_g1_i4	tr|A0A1Q9CJA7|A0A1Q9CJA7_SYMMI	55.000	100	36	1	40	312	2008	2107	1.19e-27	115
TRINITY_DN12477_c0_g1_i5	tr|A0A1Q9CJA7|A0A1Q9CJA7_SYMMI	51.323	189	86	3	61	618	1780	1965	2.00e-51	194
TRINITY_DN12477_c0_g1_i5	tr|A0A1Q9CJA7|A0A1Q9CJA7_SYMMI	55.000	100	36	1	40	312	2008	2107	7.34e-26	115
TRINITY_DN12477_c0_g1_i3	tr|A0A1Q9CJA7|A0A1Q9CJA7_SYMMI	51.323	189	86	3	61	618	1780	1965	1.01e-54	194
TRINITY_DN12477_c0_g1_i3	tr|A0A1Q9CJA7|A0A1Q9CJA7_SYMMI	55.000	100	36	1	40	312	2008	2107	1.29e-27	115
TRINITY_DN12477_c0_g1_i2	tr|A0A1Q9CJA7|A0A1Q9CJA7_SYMMI	51.323	189	86	3	61	618	1780	1965	3.09e-55	194
TRINITY_DN12477_c0_g1_i2	tr|A0A1Q9CJA7|A0A1Q9CJA7_SYMMI	55.000	100	36	1	40	312	2008	2107	5.42e-28	115
TRINITY_DN12447_c0_g1_i11	tr|A0A1Q9D1I7|A0A1Q9D1I7_SYMMI	25.843	356	192	12	423	1286	399	750	7.54e-16	82.8
TRINITY_DN12447_c0_g1_i11	tr|A0A1Q9D1I7|A0A1Q9D1I7_SYMMI	31.944	144	84	4	663	1052	200	343	3.70e-08	58.2
TRINITY_DN12447_c0_g1_i11	tr|A0A1Q9D1I7|A0A1Q9D1I7_SYMMI	25.497	302	174	12	492	1286	289	576	9.10e-07	53.5
TRINITY_DN12447_c0_g1_i11	tr|A0A1Q9D1I7|A0A1Q9D1I7_SYMMI	31.206	141	84	5	456	851	200	336	7.55e-06	50.4
TRINITY_DN12447_c0_g1_i13	tr|A0A1Q9D1I7|A0A1Q9D1I7_SYMMI	29.876	241	135	7	416	1039	511	750	7.22e-16	82.0
TRINITY_DN12447_c0_g1_i13	tr|A0A1Q9D1I7|A0A1Q9D1I7_SYMMI	27.344	256	130	6	389	1024	400	643	2.37e-14	77.4
TRINITY_DN12447_c0_g1_i13	tr|A0A1Q9D1I7|A0A1Q9D1I7_SYMMI	30.303	165	80	6	215	613	589	750	3.54e-10	63.9
TRINITY_DN12447_c0_g1_i13	tr|A0A1Q9D1I7|A0A1Q9D1I7_SYMMI	26.523	279	132	10	416	1045	200	474	1.61e-08	58.5
TRINITY_DN12447_c0_g1_i13	tr|A0A1Q9D1I7|A0A1Q9D1I7_SYMMI	25.329	304	176	12	245	1045	289	578	7.55e-07	53.1
TRINITY_DN12447_c0_g1_i14	tr|A0A1Q9D1I7|A0A1Q9D1I7_SYMMI	29.876	241	135	7	920	1543	511	750	2.55e-15	81.6
TRINITY_DN12447_c0_g1_i14	tr|A0A1Q9D1I7|A0A1Q9D1I7_SYMMI	27.237	257	131	6	893	1531	400	644	2.52e-14	78.6
TRINITY_DN12447_c0_g1_i14	tr|A0A1Q9D1I7|A0A1Q9D1I7_SYMMI	30.303	165	80	6	719	1117	589	750	6.78e-10	63.9
TRINITY_DN12447_c0_g1_i14	tr|A0A1Q9D1I7|A0A1Q9D1I7_SYMMI	31.944	144	84	4	920	1309	200	343	4.11e-08	58.2
TRINITY_DN12447_c0_g1_i14	tr|A0A1Q9D1I7|A0A1Q9D1I7_SYMMI	25.329	304	176	12	749	1549	289	578	1.75e-06	53.1
TRINITY_DN12447_c0_g1_i14	tr|A0A1Q9D1I7|A0A1Q9D1I7_SYMMI	30.496	141	85	4	713	1108	200	336	7.49e-06	50.8
TRINITY_DN12447_c0_g1_i1	tr|A0A1Q9D1I7|A0A1Q9D1I7_SYMMI	29.876	241	135	7	920	1543	511	750	3.50e-15	81.6
TRINITY_DN12447_c0_g1_i1	tr|A0A1Q9D1I7|A0A1Q9D1I7_SYMMI	27.237	257	131	6	893	1531	400	644	3.42e-14	78.6
TRINITY_DN12447_c0_g1_i1	tr|A0A1Q9D1I7|A0A1Q9D1I7_SYMMI	30.303	165	80	6	719	1117	589	750	8.78e-10	63.9
TRINITY_DN12447_c0_g1_i1	tr|A0A1Q9D1I7|A0A1Q9D1I7_SYMMI	31.944	144	84	4	920	1309	200	343	5.24e-08	58.2
TRINITY_DN12447_c0_g1_i1	tr|A0A1Q9D1I7|A0A1Q9D1I7_SYMMI	25.329	304	176	12	749	1549	289	578	2.20e-06	53.1
TRINITY_DN12447_c0_g1_i1	tr|A0A1Q9D1I7|A0A1Q9D1I7_SYMMI	30.496	141	85	4	713	1108	200	336	9.39e-06	50.8
TRINITY_DN12447_c0_g1_i2	tr|A0A1Q9D1I7|A0A1Q9D1I7_SYMMI	25.843	356	192	12	423	1286	399	750	1.15e-15	82.8
TRINITY_DN12447_c0_g1_i2	tr|A0A1Q9D1I7|A0A1Q9D1I7_SYMMI	31.944	144	84	4	663	1052	200	343	4.98e-08	58.2
TRINITY_DN12447_c0_g1_i2	tr|A0A1Q9D1I7|A0A1Q9D1I7_SYMMI	25.497	302	174	12	492	1286	289	576	1.20e-06	53.5
TRINITY_DN12447_c0_g1_i2	tr|A0A1Q9D1I7|A0A1Q9D1I7_SYMMI	31.206	141	84	5	456	851	200	336	9.90e-06	50.4
TRINITY_DN12447_c0_g1_i10	tr|A0A1Q9D1I7|A0A1Q9D1I7_SYMMI	25.843	356	192	12	447	1310	399	750	1.31e-15	82.8
TRINITY_DN12447_c0_g1_i10	tr|A0A1Q9D1I7|A0A1Q9D1I7_SYMMI	27.863	262	131	7	648	1295	394	643	2.26e-14	79.0
TRINITY_DN12447_c0_g1_i10	tr|A0A1Q9D1I7|A0A1Q9D1I7_SYMMI	31.944	144	84	4	687	1076	200	343	3.40e-08	58.5
TRINITY_DN12447_c0_g1_i10	tr|A0A1Q9D1I7|A0A1Q9D1I7_SYMMI	25.329	304	176	12	516	1316	289	578	1.31e-06	53.5
TRINITY_DN12447_c0_g1_i10	tr|A0A1Q9D1I7|A0A1Q9D1I7_SYMMI	31.206	141	84	5	480	875	200	336	5.10e-06	51.6
TRINITY_DN12447_c0_g1_i3	tr|A0A1Q9D1I7|A0A1Q9D1I7_SYMMI	29.876	241	135	7	920	1543	511	750	2.43e-15	81.6
TRINITY_DN12447_c0_g1_i3	tr|A0A1Q9D1I7|A0A1Q9D1I7_SYMMI	27.237	257	131	6	893	1531	400	644	2.41e-14	78.6
TRINITY_DN12447_c0_g1_i3	tr|A0A1Q9D1I7|A0A1Q9D1I7_SYMMI	30.303	165	80	6	719	1117	589	750	6.55e-10	63.9
TRINITY_DN12447_c0_g1_i3	tr|A0A1Q9D1I7|A0A1Q9D1I7_SYMMI	31.944	144	84	4	920	1309	200	343	3.98e-08	58.2
TRINITY_DN12447_c0_g1_i3	tr|A0A1Q9D1I7|A0A1Q9D1I7_SYMMI	25.329	304	176	12	749	1549	289	578	1.70e-06	53.1
TRINITY_DN12447_c0_g1_i3	tr|A0A1Q9D1I7|A0A1Q9D1I7_SYMMI	30.496	141	85	4	713	1108	200	336	7.26e-06	50.8
TRINITY_DN12447_c0_g1_i7	tr|A0A1Q9D1I7|A0A1Q9D1I7_SYMMI	25.843	356	192	12	447	1310	399	750	8.14e-16	82.8
TRINITY_DN12447_c0_g1_i7	tr|A0A1Q9D1I7|A0A1Q9D1I7_SYMMI	27.863	262	131	7	648	1295	394	643	1.45e-14	79.0
TRINITY_DN12447_c0_g1_i7	tr|A0A1Q9D1I7|A0A1Q9D1I7_SYMMI	31.944	144	84	4	687	1076	200	343	2.43e-08	58.5
TRINITY_DN12447_c0_g1_i7	tr|A0A1Q9D1I7|A0A1Q9D1I7_SYMMI	25.329	304	176	12	516	1316	289	578	9.59e-07	53.5
TRINITY_DN12447_c0_g1_i7	tr|A0A1Q9D1I7|A0A1Q9D1I7_SYMMI	31.206	141	84	5	480	875	200	336	3.76e-06	51.6
TRINITY_DN12447_c0_g1_i17	tr|A0A1Q9D1I7|A0A1Q9D1I7_SYMMI	25.843	356	192	12	447	1310	399	750	8.66e-16	82.8
TRINITY_DN12447_c0_g1_i17	tr|A0A1Q9D1I7|A0A1Q9D1I7_SYMMI	27.863	262	131	7	648	1295	394	643	1.54e-14	79.0
TRINITY_DN12447_c0_g1_i17	tr|A0A1Q9D1I7|A0A1Q9D1I7_SYMMI	31.944	144	84	4	687	1076	200	343	2.54e-08	58.5
TRINITY_DN12447_c0_g1_i17	tr|A0A1Q9D1I7|A0A1Q9D1I7_SYMMI	25.329	304	176	12	516	1316	289	578	9.96e-07	53.5
TRINITY_DN12447_c0_g1_i17	tr|A0A1Q9D1I7|A0A1Q9D1I7_SYMMI	31.206	141	84	5	480	875	200	336	3.90e-06	51.6
TRINITY_DN12447_c0_g1_i6	tr|A0A1Q9D1I7|A0A1Q9D1I7_SYMMI	25.843	356	192	12	423	1286	399	750	7.07e-16	82.8
TRINITY_DN12447_c0_g1_i6	tr|A0A1Q9D1I7|A0A1Q9D1I7_SYMMI	31.944	144	84	4	663	1052	200	343	3.55e-08	58.2
TRINITY_DN12447_c0_g1_i6	tr|A0A1Q9D1I7|A0A1Q9D1I7_SYMMI	25.497	302	174	12	492	1286	289	576	8.75e-07	53.5
TRINITY_DN12447_c0_g1_i6	tr|A0A1Q9D1I7|A0A1Q9D1I7_SYMMI	31.206	141	84	5	456	851	200	336	7.27e-06	50.4
TRINITY_DN12447_c0_g1_i16	tr|A0A1Q9D1I7|A0A1Q9D1I7_SYMMI	29.876	241	135	7	416	1039	511	750	8.11e-16	82.0
TRINITY_DN12447_c0_g1_i16	tr|A0A1Q9D1I7|A0A1Q9D1I7_SYMMI	27.344	256	130	6	389	1024	400	643	2.63e-14	77.4
TRINITY_DN12447_c0_g1_i16	tr|A0A1Q9D1I7|A0A1Q9D1I7_SYMMI	30.303	165	80	6	215	613	589	750	3.81e-10	63.9
TRINITY_DN12447_c0_g1_i16	tr|A0A1Q9D1I7|A0A1Q9D1I7_SYMMI	26.523	279	132	10	416	1045	200	474	1.72e-08	58.5
TRINITY_DN12447_c0_g1_i16	tr|A0A1Q9D1I7|A0A1Q9D1I7_SYMMI	25.329	304	176	12	245	1045	289	578	8.02e-07	53.1
TRINITY_DN12447_c0_g1_i18	tr|A0A1Q9D1I7|A0A1Q9D1I7_SYMMI	29.749	279	148	11	687	1394	200	473	5.16e-15	80.5
TRINITY_DN12447_c0_g1_i18	tr|A0A1Q9D1I7|A0A1Q9D1I7_SYMMI	27.907	258	145	8	687	1391	511	750	3.06e-13	74.7
TRINITY_DN12447_c0_g1_i18	tr|A0A1Q9D1I7|A0A1Q9D1I7_SYMMI	26.298	289	128	8	648	1376	394	643	2.65e-12	71.6
TRINITY_DN12447_c0_g1_i18	tr|A0A1Q9D1I7|A0A1Q9D1I7_SYMMI	30.303	165	80	6	486	884	589	750	4.71e-10	64.3
TRINITY_DN12447_c0_g1_i19	tr|A0A1Q9D1I7|A0A1Q9D1I7_SYMMI	29.749	279	148	11	687	1394	200	473	5.44e-15	80.5
TRINITY_DN12447_c0_g1_i19	tr|A0A1Q9D1I7|A0A1Q9D1I7_SYMMI	27.907	258	145	8	687	1391	511	750	3.21e-13	74.7
TRINITY_DN12447_c0_g1_i19	tr|A0A1Q9D1I7|A0A1Q9D1I7_SYMMI	26.298	289	128	8	648	1376	394	643	2.78e-12	71.6
TRINITY_DN12447_c0_g1_i19	tr|A0A1Q9D1I7|A0A1Q9D1I7_SYMMI	30.303	165	80	6	486	884	589	750	4.90e-10	64.3
TRINITY_DN12447_c0_g3_i5	tr|A0A1Q9F557|A0A1Q9F557_SYMMI	45.000	80	40	2	1835	2068	64	141	1.59e-10	62.0
TRINITY_DN12447_c0_g3_i1	tr|A0A1Q9F557|A0A1Q9F557_SYMMI	45.000	80	40	2	1835	2068	64	141	1.57e-10	62.0
TRINITY_DN12414_c0_g1_i1	tr|A0A1Q9D9F5|A0A1Q9D9F5_SYMMI	29.348	276	174	6	86	859	654	926	1.41e-25	115
TRINITY_DN12499_c0_g1_i1	tr|A0A1Q9DW65|A0A1Q9DW65_SYMMI	33.974	156	100	2	1085	627	258	413	9.54e-12	68.9
TRINITY_DN12499_c0_g1_i4	tr|A0A1Q9DW65|A0A1Q9DW65_SYMMI	33.974	156	100	2	1390	932	258	413	1.51e-11	68.9
TRINITY_DN12499_c0_g1_i2	tr|A0A1Q9DW65|A0A1Q9DW65_SYMMI	33.974	156	100	2	1372	914	258	413	1.48e-11	68.9
TRINITY_DN12485_c0_g1_i1	tr|A0A1Q9DHH5|A0A1Q9DHH5_SYMMI	50.215	233	100	2	1260	601	625	854	4.91e-71	248
TRINITY_DN12485_c0_g1_i1	tr|A0A1Q9DHH5|A0A1Q9DHH5_SYMMI	30.303	132	68	6	558	223	1282	1409	1.83e-06	52.4
TRINITY_DN12434_c0_g1_i1	tr|A3E3L5|A3E3L5_PFIPI	71.930	171	41	1	806	315	1	171	3.86e-77	236
TRINITY_DN12491_c0_g1_i2	tr|A0A1Q9CVT3|A0A1Q9CVT3_SYMMI	31.429	105	68	2	257	562	4	107	1.21e-07	55.8
TRINITY_DN12491_c0_g1_i3	tr|A0A1Q9CVT3|A0A1Q9CVT3_SYMMI	31.429	105	68	2	257	562	4	107	8.40e-08	55.8
TRINITY_DN12491_c0_g1_i1	tr|A0A1Q9CVT3|A0A1Q9CVT3_SYMMI	31.429	105	68	2	257	562	4	107	3.10e-08	55.8
TRINITY_DN12466_c0_g1_i1	tr|A0A1Q9F3V4|A0A1Q9F3V4_SYMMI	51.077	325	131	3	651	1568	1492	1807	8.79e-95	327
TRINITY_DN12466_c0_g1_i1	tr|A0A1Q9F3V4|A0A1Q9F3V4_SYMMI	58.571	70	24	2	405	605	1307	1374	8.68e-16	84.0
TRINITY_DN12466_c1_g3_i2	tr|A0A1Q9E3I8|A0A1Q9E3I8_SYMMI	32.418	182	118	2	1430	897	2	182	1.31e-23	102
TRINITY_DN12466_c1_g3_i3	tr|A0A1Q9E3I8|A0A1Q9E3I8_SYMMI	32.418	182	118	2	1272	739	2	182	9.22e-24	102
TRINITY_DN12466_c1_g3_i1	tr|A0A1Q9E3I8|A0A1Q9E3I8_SYMMI	32.418	182	118	2	1496	963	2	182	1.46e-23	102
TRINITY_DN12453_c2_g1_i1	tr|A0A1Q9CYJ6|A0A1Q9CYJ6_SYMMI	28.125	192	93	6	1969	1424	631	787	3.19e-13	74.7
TRINITY_DN12453_c2_g3_i1	tr|A0A1Q9CYJ6|A0A1Q9CYJ6_SYMMI	49.145	234	115	3	1953	1255	3	233	3.30e-62	222
TRINITY_DN12453_c2_g3_i1	tr|A0A1Q9CYJ6|A0A1Q9CYJ6_SYMMI	63.566	129	46	1	1002	619	332	460	7.40e-52	192
TRINITY_DN12489_c0_g1_i7	tr|A7YXW6|A7YXW6_KARVE	26.347	167	117	2	1117	617	1	161	7.21e-11	62.4
TRINITY_DN12489_c0_g1_i5	tr|A7YXW6|A7YXW6_KARVE	26.347	167	117	2	1408	908	1	161	8.40e-11	62.4
TRINITY_DN12474_c0_g2_i3	tr|A0A1Q9E4E2|A0A1Q9E4E2_SYMMI	29.231	195	123	4	4	573	597	781	4.10e-11	68.2
TRINITY_DN12474_c0_g2_i4	tr|A0A1Q9E4E2|A0A1Q9E4E2_SYMMI	29.231	195	123	4	4	573	597	781	4.38e-11	68.2
TRINITY_DN12437_c0_g1_i2	tr|A0A1Q9D2A0|A0A1Q9D2A0_SYMMI	45.673	208	98	7	2210	1617	27	229	3.18e-45	163
TRINITY_DN12437_c0_g1_i1	tr|A0A1Q9D2A0|A0A1Q9D2A0_SYMMI	45.673	208	98	7	2087	1494	27	229	2.49e-45	163
TRINITY_DN12437_c0_g1_i3	tr|A0A1Q9D2A0|A0A1Q9D2A0_SYMMI	45.673	208	98	7	2129	1536	27	229	2.73e-45	163
TRINITY_DN12448_c0_g2_i2	tr|A0A1Q9C7M3|A0A1Q9C7M3_SYMMI	35.484	186	118	2	1206	1760	425	609	1.98e-37	120
TRINITY_DN12448_c0_g2_i2	tr|A0A1Q9C7M3|A0A1Q9C7M3_SYMMI	22.801	307	203	7	259	1167	117	393	1.98e-37	57.0
TRINITY_DN12448_c0_g2_i1	tr|A0A1Q9C7M3|A0A1Q9C7M3_SYMMI	26.966	534	349	11	262	1848	118	615	4.42e-45	172
TRINITY_DN12445_c0_g1_i1	tr|A0A1Q9DTQ0|A0A1Q9DTQ0_SYMMI	38.509	161	97	1	625	149	3	163	5.71e-37	131
TRINITY_DN12436_c0_g2_i1	tr|A0A1Q9EV99|A0A1Q9EV99_SYMMI	26.570	414	280	10	2223	997	1890	2284	2.74e-25	115
TRINITY_DN12436_c0_g2_i3	tr|A0A1Q9EV99|A0A1Q9EV99_SYMMI	26.570	414	280	10	2223	997	1890	2284	2.69e-25	115
TRINITY_DN12436_c0_g2_i2	tr|A0A1Q9EV99|A0A1Q9EV99_SYMMI	26.570	414	280	10	2223	997	1890	2284	2.19e-25	115
TRINITY_DN12476_c0_g1_i1	tr|A0A1Q9CB25|A0A1Q9CB25_SYMMI	44.262	61	32	1	237	61	854	914	1.11e-07	48.1
TRINITY_DN12461_c0_g1_i2	tr|A0A1Q9CE26|A0A1Q9CE26_SYMMI	39.759	166	79	2	1292	804	342	489	1.82e-30	129
TRINITY_DN12461_c0_g1_i1	tr|A0A1Q9CE26|A0A1Q9CE26_SYMMI	39.759	166	79	2	1231	743	342	489	1.54e-30	129
TRINITY_DN12461_c0_g1_i3	tr|A0A1Q9CE26|A0A1Q9CE26_SYMMI	39.759	166	79	2	1054	566	342	489	8.45e-31	129
TRINITY_DN12492_c0_g1_i2	tr|A8I1N8|A8I1N8_HETTR	36.269	386	201	11	1896	748	46	389	2.66e-60	207
TRINITY_DN12492_c0_g1_i4	tr|A8I1N8|A8I1N8_HETTR	36.269	386	201	11	1951	803	46	389	3.63e-60	207
TRINITY_DN12419_c0_g1_i1	tr|A0A1Q9C9W3|A0A1Q9C9W3_SYMMI	45.525	257	127	5	817	83	784	1039	1.90e-74	248
TRINITY_DN12462_c0_g1_i1	tr|A0A1Q9F5J0|A0A1Q9F5J0_SYMMI	39.316	117	68	3	1330	983	328	442	6.60e-17	87.0
TRINITY_DN12462_c0_g1_i6	tr|A0A1Q9F5J0|A0A1Q9F5J0_SYMMI	39.316	117	68	3	1803	1456	328	442	8.29e-17	87.0
TRINITY_DN12462_c0_g1_i7	tr|A0A1Q9F5J0|A0A1Q9F5J0_SYMMI	39.316	117	68	3	1835	1488	328	442	8.40e-17	87.0
TRINITY_DN12495_c0_g1_i1	tr|A0A1Q9EVS0|A0A1Q9EVS0_SYMMI	40.816	294	142	10	214	1050	1011	1287	6.43e-50	191
TRINITY_DN12495_c0_g1_i3	tr|A0A1Q9EVS0|A0A1Q9EVS0_SYMMI	40.816	294	142	10	214	1050	1011	1287	6.43e-50	191
TRINITY_DN12495_c0_g1_i5	tr|A0A1Q9EVS0|A0A1Q9EVS0_SYMMI	40.816	294	142	10	214	1050	1011	1287	1.14e-49	191
TRINITY_DN12495_c0_g1_i2	tr|A0A1Q9EVS0|A0A1Q9EVS0_SYMMI	40.816	294	142	10	214	1050	1011	1287	9.98e-50	191
TRINITY_DN12468_c0_g1_i1	tr|A0A1Q9DGY0|A0A1Q9DGY0_SYMMI	27.778	144	95	3	692	1123	2290	2424	1.19e-07	56.6
TRINITY_DN12468_c0_g1_i1	tr|A0A1Q9DGY0|A0A1Q9DGY0_SYMMI	31.034	29	20	0	1245	1331	2427	2455	1.19e-07	20.0
TRINITY_DN12468_c0_g1_i3	tr|A0A1Q9DGY0|A0A1Q9DGY0_SYMMI	27.778	144	95	3	692	1123	2290	2424	1.35e-07	56.6
TRINITY_DN12468_c0_g1_i3	tr|A0A1Q9DGY0|A0A1Q9DGY0_SYMMI	31.034	29	20	0	1245	1331	2427	2455	1.35e-07	20.0
TRINITY_DN12444_c0_g1_i8	tr|A0A1Q9E9Q4|A0A1Q9E9Q4_SYMMI	34.568	81	51	2	338	102	3	83	4.04e-08	54.7
TRINITY_DN12444_c0_g1_i1	tr|A0A1Q9DQN6|A0A1Q9DQN6_SYMMI	37.168	226	117	7	1080	457	914	1132	8.87e-36	149
TRINITY_DN12444_c0_g1_i5	tr|A0A1Q9BXG7|A0A1Q9BXG7_SYMMI	42.308	78	43	2	915	688	418	495	1.07e-08	60.1
TRINITY_DN12444_c0_g1_i5	tr|A0A1Q9BXG7|A0A1Q9BXG7_SYMMI	33.333	102	56	3	987	688	462	553	6.75e-07	53.9
TRINITY_DN12444_c0_g1_i7	tr|A0A1Q9BXG7|A0A1Q9BXG7_SYMMI	37.634	93	56	2	358	86	466	558	2.73e-10	64.3
TRINITY_DN12444_c0_g1_i7	tr|A0A1Q9BXG7|A0A1Q9BXG7_SYMMI	40.476	84	48	2	334	89	445	528	5.24e-10	63.2
TRINITY_DN12444_c0_g1_i7	tr|A0A1Q9BXG7|A0A1Q9BXG7_SYMMI	40.244	82	47	2	328	89	418	499	7.95e-10	62.8
TRINITY_DN12444_c0_g1_i7	tr|A0A1Q9BXG7|A0A1Q9BXG7_SYMMI	39.024	82	48	2	328	89	389	470	2.88e-07	54.7
TRINITY_DN12444_c0_g1_i6	tr|A0A1Q9BZ55|A0A1Q9BZ55_SYMMI	35.802	81	50	2	457	221	5	85	7.53e-08	57.0
TRINITY_DN12413_c0_g4_i1	tr|A0A1Q9D0A7|A0A1Q9D0A7_SYMMI	46.386	830	357	13	2545	164	972	1749	0.0	672
TRINITY_DN12497_c0_g1_i1	tr|Q0R0F3|Q0R0F3_9DINO	33.038	339	181	9	110	994	1	337	1.15e-42	155
TRINITY_DN12497_c0_g1_i3	tr|Q0R0F3|Q0R0F3_9DINO	33.038	339	181	9	110	994	1	337	4.34e-43	155
TRINITY_DN12497_c0_g1_i4	tr|Q0R0F3|Q0R0F3_9DINO	36.000	175	108	3	592	1104	163	337	4.64e-28	115
TRINITY_DN12497_c0_g1_i4	tr|Q0R0F3|Q0R0F3_9DINO	53.425	73	32	1	110	328	1	71	5.00e-11	65.1
TRINITY_DN12407_c0_g1_i1	tr|A0A1Q9CVN2|A0A1Q9CVN2_SYMMI	37.589	141	54	3	824	504	43	183	5.50e-18	83.6
TRINITY_DN12407_c0_g1_i2	tr|A0A1Q9CVN2|A0A1Q9CVN2_SYMMI	37.589	141	54	3	852	532	43	183	5.89e-18	83.6
TRINITY_DN12494_c0_g1_i1	tr|A0A1Q9CAW1|A0A1Q9CAW1_SYMMI	27.110	616	344	23	222	1940	15	568	1.09e-47	183
TRINITY_DN12494_c0_g1_i1	tr|A0A1Q9CAW1|A0A1Q9CAW1_SYMMI	34.615	260	144	9	1206	1943	1	248	4.99e-30	129
TRINITY_DN12494_c0_g1_i1	tr|A0A1Q9CAW1|A0A1Q9CAW1_SYMMI	26.621	293	176	13	99	881	289	574	9.39e-16	83.6
TRINITY_DN12446_c0_g2_i2	tr|A0A1Q9E8D1|A0A1Q9E8D1_SYMMI	30.769	208	129	3	1246	629	37	231	3.18e-17	83.6
TRINITY_DN12446_c0_g1_i1	tr|A0A1Q9E8C4|A0A1Q9E8C4_SYMMI	35.065	77	50	0	294	64	268	344	4.80e-12	61.6
TRINITY_DN4725_c0_g1_i8	tr|A0A1Q9D0F6|A0A1Q9D0F6_SYMMI	49.135	289	139	3	1219	359	32	314	7.96e-93	283
TRINITY_DN4725_c0_g1_i10	tr|A0A1Q9D0F6|A0A1Q9D0F6_SYMMI	49.135	289	139	3	1107	247	32	314	2.37e-93	283
TRINITY_DN4795_c0_g1_i1	tr|A0A1Q9DPR6|A0A1Q9DPR6_SYMMI	38.814	590	324	13	263	1960	179	755	1.97e-114	368
TRINITY_DN4709_c0_g1_i1	tr|A0A1Q9DJ26|A0A1Q9DJ26_SYMMI	39.189	74	45	0	230	9	139	212	6.15e-08	49.3
TRINITY_DN4709_c0_g1_i1	tr|A0A1Q9DJ26|A0A1Q9DJ26_SYMMI	37.838	74	46	0	230	9	37	110	1.74e-07	48.1
TRINITY_DN4709_c0_g1_i1	tr|A0A1Q9DJ26|A0A1Q9DJ26_SYMMI	37.838	74	46	0	230	9	54	127	1.74e-07	48.1
TRINITY_DN4709_c0_g1_i1	tr|A0A1Q9DJ26|A0A1Q9DJ26_SYMMI	37.838	74	46	0	230	9	71	144	1.74e-07	48.1
TRINITY_DN4709_c0_g1_i1	tr|A0A1Q9DJ26|A0A1Q9DJ26_SYMMI	37.838	74	46	0	230	9	88	161	1.74e-07	48.1
TRINITY_DN4709_c0_g1_i1	tr|A0A1Q9DJ26|A0A1Q9DJ26_SYMMI	37.838	74	46	0	230	9	105	178	2.02e-07	47.8
TRINITY_DN4709_c0_g1_i1	tr|A0A1Q9DJ26|A0A1Q9DJ26_SYMMI	37.838	74	46	0	230	9	122	195	2.34e-07	47.8
TRINITY_DN4709_c0_g1_i1	tr|A0A1Q9DJ26|A0A1Q9DJ26_SYMMI	37.143	70	44	0	218	9	24	93	2.90e-06	44.7
TRINITY_DN4715_c0_g1_i6	tr|A0A1Q9CDD1|A0A1Q9CDD1_SYMMI	32.661	248	123	5	85	708	9	252	4.22e-35	134
TRINITY_DN4715_c0_g1_i3	tr|A0A1Q9CDD1|A0A1Q9CDD1_SYMMI	32.661	248	123	5	85	708	9	252	3.64e-35	134
TRINITY_DN4715_c0_g1_i5	tr|A0A1Q9CDD1|A0A1Q9CDD1_SYMMI	32.661	248	123	5	85	708	9	252	9.05e-37	134
TRINITY_DN4715_c0_g1_i9	tr|A0A1Q9CDD1|A0A1Q9CDD1_SYMMI	32.661	248	123	5	85	708	9	252	1.73e-35	134
TRINITY_DN4715_c0_g1_i2	tr|A0A1Q9CDD1|A0A1Q9CDD1_SYMMI	32.661	248	123	5	85	708	9	252	4.26e-35	134
TRINITY_DN4715_c0_g2_i15	tr|A0A1Q9D566|A0A1Q9D566_SYMMI	24.490	294	143	12	1594	2403	2426	2664	1.08e-11	71.2
TRINITY_DN4715_c0_g2_i4	tr|A0A1Q9D566|A0A1Q9D566_SYMMI	24.490	294	143	12	1594	2403	2426	2664	1.03e-11	71.2
TRINITY_DN4715_c0_g2_i2	tr|A0A1Q9D566|A0A1Q9D566_SYMMI	24.490	294	143	12	1594	2403	2426	2664	1.07e-11	71.2
TRINITY_DN4715_c0_g2_i1	tr|A0A1Q9D566|A0A1Q9D566_SYMMI	24.490	294	143	12	1594	2403	2426	2664	1.06e-11	71.2
TRINITY_DN4715_c0_g2_i5	tr|A0A1Q9D566|A0A1Q9D566_SYMMI	24.490	294	143	12	1594	2403	2426	2664	1.08e-11	71.2
TRINITY_DN4715_c0_g2_i13	tr|A0A1Q9D566|A0A1Q9D566_SYMMI	24.490	294	143	12	1594	2403	2426	2664	1.07e-11	71.2
TRINITY_DN4715_c0_g2_i11	tr|A0A1Q9D566|A0A1Q9D566_SYMMI	24.490	294	143	12	1594	2403	2426	2664	1.16e-11	71.2
TRINITY_DN4715_c0_g2_i16	tr|A0A1Q9D566|A0A1Q9D566_SYMMI	24.490	294	143	12	1594	2403	2426	2664	1.12e-11	71.2
TRINITY_DN4715_c0_g2_i9	tr|A0A1Q9D566|A0A1Q9D566_SYMMI	24.490	294	143	12	1594	2403	2426	2664	1.04e-11	71.2
TRINITY_DN4775_c0_g2_i1	tr|A0A1Q9DGC3|A0A1Q9DGC3_SYMMI	59.259	135	52	1	403	8	41	175	8.94e-53	170
TRINITY_DN4775_c0_g1_i7	tr|A0A1Q9DGC3|A0A1Q9DGC3_SYMMI	75.214	117	27	1	29	373	179	295	2.57e-57	188
TRINITY_DN4775_c0_g1_i6	tr|A0A1Q9DGC3|A0A1Q9DGC3_SYMMI	75.214	117	27	1	29	373	179	295	3.34e-59	188
TRINITY_DN4775_c0_g1_i2	tr|A0A1Q9DGC3|A0A1Q9DGC3_SYMMI	75.214	117	27	1	29	373	179	295	3.35e-57	188
TRINITY_DN4775_c0_g1_i9	tr|A0A1Q9DGC3|A0A1Q9DGC3_SYMMI	75.214	117	27	1	29	373	179	295	2.34e-58	188
TRINITY_DN4775_c0_g1_i10	tr|A0A1Q9DGC3|A0A1Q9DGC3_SYMMI	75.214	117	27	1	29	373	179	295	6.29e-57	188
TRINITY_DN4791_c0_g1_i3	tr|A0A1Q9CCF8|A0A1Q9CCF8_SYMMI	71.523	151	40	1	35	478	1	151	1.03e-73	222
TRINITY_DN4791_c0_g1_i5	tr|A0A1Q9CCF8|A0A1Q9CCF8_SYMMI	71.523	151	40	1	35	478	1	151	1.07e-72	222
TRINITY_DN4791_c0_g1_i2	tr|A0A1Q9CCF8|A0A1Q9CCF8_SYMMI	71.523	151	40	1	35	478	1	151	8.95e-74	222
TRINITY_DN4791_c0_g1_i4	tr|A0A1Q9CCF8|A0A1Q9CCF8_SYMMI	71.523	151	40	1	35	478	1	151	1.19e-73	222
TRINITY_DN4791_c0_g1_i1	tr|A0A1Q9CCF8|A0A1Q9CCF8_SYMMI	71.523	151	40	1	35	478	1	151	5.15e-72	222
TRINITY_DN4746_c0_g1_i8	tr|A0A1Q9C9G9|A0A1Q9C9G9_SYMMI	25.106	235	136	9	1505	843	414	622	4.70e-09	60.5
TRINITY_DN4746_c0_g1_i15	tr|A0A1Q9C9G9|A0A1Q9C9G9_SYMMI	25.106	235	136	9	1757	1095	414	622	6.13e-09	60.5
TRINITY_DN4746_c0_g1_i9	tr|A0A1Q9C9G9|A0A1Q9C9G9_SYMMI	25.106	235	136	9	1793	1131	414	622	6.33e-09	60.5
TRINITY_DN4746_c0_g1_i1	tr|A0A1Q9C9G9|A0A1Q9C9G9_SYMMI	25.106	235	136	9	1932	1270	414	622	7.13e-09	60.5
TRINITY_DN4746_c0_g1_i7	tr|A0A1Q9C9G9|A0A1Q9C9G9_SYMMI	25.751	233	137	9	1808	1146	414	622	6.30e-09	60.5
TRINITY_DN4703_c0_g1_i1	tr|A0A1Q9CNT9|A0A1Q9CNT9_SYMMI	35.075	134	83	1	666	265	130	259	6.37e-10	63.9
TRINITY_DN4749_c0_g1_i13	tr|A0A1Q9CNK6|A0A1Q9CNK6_SYMMI	25.577	563	340	19	2459	837	1005	1510	4.35e-37	157
TRINITY_DN4749_c0_g1_i8	tr|A0A1Q9CNK6|A0A1Q9CNK6_SYMMI	25.577	563	340	19	2459	837	1005	1510	9.11e-38	157
TRINITY_DN4749_c0_g1_i10	tr|A0A1Q9CNK6|A0A1Q9CNK6_SYMMI	25.577	563	340	19	2459	837	1005	1510	9.26e-38	157
TRINITY_DN4749_c0_g1_i11	tr|A0A1Q9CNK6|A0A1Q9CNK6_SYMMI	25.577	563	340	19	2459	837	1005	1510	9.10e-38	157
TRINITY_DN4749_c0_g1_i2	tr|A0A1Q9CNK6|A0A1Q9CNK6_SYMMI	25.577	563	340	19	2459	837	1005	1510	4.17e-37	157
TRINITY_DN4749_c0_g1_i12	tr|A0A1Q9CNK6|A0A1Q9CNK6_SYMMI	25.577	563	340	19	2459	837	1005	1510	4.34e-37	157
TRINITY_DN4749_c0_g1_i15	tr|A0A1Q9CNK6|A0A1Q9CNK6_SYMMI	25.577	563	340	19	2459	837	1005	1510	1.14e-37	157
TRINITY_DN4749_c0_g1_i16	tr|A0A1Q9CNK6|A0A1Q9CNK6_SYMMI	25.577	563	340	19	2459	837	1005	1510	1.12e-37	157
TRINITY_DN4749_c0_g1_i7	tr|A0A1Q9CNK6|A0A1Q9CNK6_SYMMI	25.577	563	340	19	2459	837	1005	1510	4.18e-37	157
TRINITY_DN4718_c0_g1_i1	tr|A0A1Q9EUQ0|A0A1Q9EUQ0_SYMMI	40.580	138	69	4	418	825	99	225	2.15e-20	92.8
TRINITY_DN4718_c0_g1_i2	tr|A0A1Q9EUQ0|A0A1Q9EUQ0_SYMMI	40.580	138	69	4	418	825	99	225	1.88e-20	92.8
TRINITY_DN4718_c0_g1_i3	tr|A0A1Q9EUQ0|A0A1Q9EUQ0_SYMMI	40.580	138	69	4	418	825	99	225	2.33e-20	92.8
TRINITY_DN4727_c0_g2_i3	tr|A0A1Q9CSS4|A0A1Q9CSS4_SYMMI	56.647	173	66	3	96	587	50	222	9.65e-53	176
TRINITY_DN4727_c0_g2_i1	tr|A0A1Q9CSS4|A0A1Q9CSS4_SYMMI	56.647	173	66	3	96	587	50	222	8.69e-53	176
TRINITY_DN4724_c0_g1_i1	tr|A0A1Q9CRW4|A0A1Q9CRW4_SYMMI	41.270	189	104	4	139	693	311	496	7.39e-28	115
TRINITY_DN4724_c0_g1_i4	tr|A0A1Q9CRW4|A0A1Q9CRW4_SYMMI	41.270	189	104	4	139	693	311	496	1.41e-27	115
TRINITY_DN4724_c0_g1_i3	tr|A0A1Q9CRW4|A0A1Q9CRW4_SYMMI	41.270	189	104	4	139	693	311	496	1.20e-27	115
TRINITY_DN4724_c0_g1_i2	tr|A0A1Q9CRW4|A0A1Q9CRW4_SYMMI	41.270	189	104	4	139	693	311	496	2.01e-28	115
TRINITY_DN4776_c0_g1_i2	tr|A0A1Q9DK56|A0A1Q9DK56_SYMMI	32.937	252	142	9	302	1036	149	380	1.80e-23	108
TRINITY_DN4776_c0_g1_i5	tr|A0A1Q9DK56|A0A1Q9DK56_SYMMI	32.937	252	142	9	302	1036	149	380	1.76e-23	108
TRINITY_DN4776_c0_g1_i3	tr|A0A1Q9DK56|A0A1Q9DK56_SYMMI	32.937	252	142	9	302	1036	149	380	1.33e-23	108
TRINITY_DN4776_c0_g1_i6	tr|A0A1Q9DK56|A0A1Q9DK56_SYMMI	32.937	252	142	9	302	1036	149	380	1.69e-23	108
TRINITY_DN4776_c0_g1_i4	tr|A0A1Q9DK56|A0A1Q9DK56_SYMMI	32.937	252	142	9	302	1036	149	380	1.72e-23	108
TRINITY_DN4762_c0_g1_i1	tr|A0A1Q9EYP7|A0A1Q9EYP7_SYMMI	35.968	253	148	4	254	979	347	596	1.12e-37	145
TRINITY_DN4758_c0_g1_i3	tr|A0A1Q9C7K9|A0A1Q9C7K9_SYMMI	49.057	53	27	0	1091	1249	318	370	3.04e-09	60.5
TRINITY_DN4758_c0_g1_i2	tr|A0A1Q9C7K9|A0A1Q9C7K9_SYMMI	49.057	53	27	0	1091	1249	318	370	2.43e-09	60.5
TRINITY_DN4785_c0_g1_i3	tr|A0A1Q9E051|A0A1Q9E051_SYMMI	42.308	78	44	1	698	468	182	259	4.99e-08	56.6
TRINITY_DN4781_c0_g1_i1	tr|B4XPB9|B4XPB9_KARVE	32.973	185	116	3	304	837	9	192	1.19e-24	104
TRINITY_DN4781_c0_g1_i6	tr|B4XPB9|B4XPB9_KARVE	33.929	168	109	2	231	731	9	175	9.42e-25	104
TRINITY_DN4759_c0_g2_i2	tr|A0A1Q9CLP2|A0A1Q9CLP2_SYMMI	32.609	138	67	6	3345	2980	218	345	4.85e-06	52.4
TRINITY_DN4759_c0_g2_i1	tr|A0A1Q9CUB6|A0A1Q9CUB6_SYMMI	29.204	226	127	6	3807	3160	32	234	1.88e-23	108
TRINITY_DN4748_c0_g1_i10	tr|A0A1Q9C390|A0A1Q9C390_SYMMI	48.252	143	74	0	126	554	417	559	1.36e-17	87.8
TRINITY_DN4748_c0_g1_i4	tr|A0A1Q9C390|A0A1Q9C390_SYMMI	48.252	143	74	0	126	554	417	559	1.23e-17	87.8
TRINITY_DN4748_c0_g1_i6	tr|A0A1Q9C390|A0A1Q9C390_SYMMI	48.252	143	74	0	126	554	417	559	1.09e-17	87.8
TRINITY_DN4748_c0_g1_i16	tr|A0A1Q9C390|A0A1Q9C390_SYMMI	48.252	143	74	0	126	554	417	559	2.03e-17	87.8
TRINITY_DN4748_c0_g1_i2	tr|A0A1Q9C390|A0A1Q9C390_SYMMI	48.252	143	74	0	126	554	417	559	1.28e-17	87.8
TRINITY_DN4748_c0_g1_i3	tr|A0A1Q9C390|A0A1Q9C390_SYMMI	48.252	143	74	0	126	554	417	559	1.26e-17	87.8
TRINITY_DN4748_c0_g1_i14	tr|A0A1Q9C390|A0A1Q9C390_SYMMI	48.252	143	74	0	126	554	417	559	1.22e-17	87.8
TRINITY_DN4748_c0_g1_i11	tr|A0A1Q9C390|A0A1Q9C390_SYMMI	48.252	143	74	0	126	554	417	559	1.15e-17	87.8
TRINITY_DN4761_c0_g1_i6	tr|A0A1Q9CSY9|A0A1Q9CSY9_SYMMI	35.542	166	97	4	2451	1969	791	951	7.37e-17	87.8
TRINITY_DN4761_c0_g1_i6	tr|A0A1Q9CSY9|A0A1Q9CSY9_SYMMI	38.235	136	80	2	2475	2068	823	954	2.63e-16	86.3
TRINITY_DN4761_c0_g1_i6	tr|A0A1Q9CSY9|A0A1Q9CSY9_SYMMI	41.176	119	60	3	2265	1909	823	931	1.10e-14	80.9
TRINITY_DN4761_c0_g1_i6	tr|A0A1Q9CSY9|A0A1Q9CSY9_SYMMI	38.519	135	77	3	2700	2296	822	950	3.84e-14	79.0
TRINITY_DN4761_c0_g1_i6	tr|A0A1Q9CSY9|A0A1Q9CSY9_SYMMI	36.957	138	77	5	2808	2401	822	951	1.58e-12	73.6
TRINITY_DN4761_c0_g1_i4	tr|A0A1Q9CSY9|A0A1Q9CSY9_SYMMI	35.542	166	97	4	1390	908	791	951	4.10e-17	87.8
TRINITY_DN4761_c0_g1_i4	tr|A0A1Q9CSY9|A0A1Q9CSY9_SYMMI	38.235	136	80	2	1414	1007	823	954	1.48e-16	86.3
TRINITY_DN4761_c0_g1_i4	tr|A0A1Q9CSY9|A0A1Q9CSY9_SYMMI	41.176	119	60	3	1204	848	823	931	6.35e-15	80.9
TRINITY_DN4761_c0_g1_i4	tr|A0A1Q9CSY9|A0A1Q9CSY9_SYMMI	38.519	135	77	3	1639	1235	822	950	2.22e-14	79.0
TRINITY_DN4761_c0_g1_i4	tr|A0A1Q9CSY9|A0A1Q9CSY9_SYMMI	36.957	138	77	5	1747	1340	822	951	9.36e-13	73.6
TRINITY_DN4786_c0_g1_i1	tr|A0A1Q9DMA1|A0A1Q9DMA1_SYMMI	27.797	295	193	7	927	52	113	390	1.36e-24	109
TRINITY_DN4786_c0_g1_i1	tr|A0A1Q9DMA1|A0A1Q9DMA1_SYMMI	27.985	268	176	6	939	136	160	410	5.97e-22	101
TRINITY_DN4786_c0_g1_i2	tr|A0A1Q9DMA1|A0A1Q9DMA1_SYMMI	27.817	284	187	6	927	79	113	379	3.18e-23	105
TRINITY_DN4786_c0_g1_i2	tr|A0A1Q9DMA1|A0A1Q9DMA1_SYMMI	28.409	264	172	6	927	136	164	410	8.07e-20	94.7
TRINITY_DN4786_c0_g1_i2	tr|A0A1Q9DMA1|A0A1Q9DMA1_SYMMI	31.111	135	77	5	438	52	113	237	4.85e-07	54.3
TRINITY_DN4729_c0_g2_i1	tr|A0A1Q9F5K7|A0A1Q9F5K7_SYMMI	27.660	141	77	5	1671	1288	53	181	1.56e-07	55.1
TRINITY_DN4729_c0_g1_i2	tr|A0A1Q9DK12|A0A1Q9DK12_SYMMI	27.302	315	180	13	2224	1400	394	699	6.59e-18	91.3
TRINITY_DN4729_c0_g1_i5	tr|A0A1Q9DK12|A0A1Q9DK12_SYMMI	27.302	315	180	13	2083	1259	394	699	6.10e-18	91.3
TRINITY_DN4729_c0_g1_i3	tr|A0A1Q9DK12|A0A1Q9DK12_SYMMI	27.302	315	180	13	2148	1324	394	699	6.33e-18	91.3
TRINITY_DN4729_c0_g1_i1	tr|A0A1Q9DK12|A0A1Q9DK12_SYMMI	27.302	315	180	13	2387	1563	394	699	7.15e-18	91.3
TRINITY_DN4729_c0_g3_i1	tr|A0A1Q9DW88|A0A1Q9DW88_SYMMI	25.275	182	132	3	701	156	950	1127	8.81e-07	51.2
TRINITY_DN4755_c0_g1_i1	tr|A0A1Q9F4P8|A0A1Q9F4P8_SYMMI	27.984	511	313	13	151	1560	1440	1936	1.25e-43	168
TRINITY_DN4780_c0_g1_i4	tr|A0A1Q9ESW7|A0A1Q9ESW7_SYMMI	34.034	238	103	6	260	817	1465	1700	1.88e-24	112
TRINITY_DN4780_c0_g1_i3	tr|A0A1Q9ESW7|A0A1Q9ESW7_SYMMI	34.034	238	103	6	260	817	1465	1700	1.88e-24	112
TRINITY_DN4730_c0_g1_i3	tr|A0A1Q9CBZ7|A0A1Q9CBZ7_SYMMI	39.070	215	124	2	1305	661	13	220	6.90e-32	123
TRINITY_DN4730_c0_g1_i3	tr|A0A1Q9CBZ7|A0A1Q9CBZ7_SYMMI	34.337	166	107	2	1341	844	62	225	5.59e-14	72.8
TRINITY_DN4730_c0_g1_i2	tr|A0A1Q9D7X7|A0A1Q9D7X7_SYMMI	39.375	160	95	2	1146	667	122	279	1.71e-18	86.7
TRINITY_DN4730_c0_g1_i2	tr|A0A1Q9D7X7|A0A1Q9D7X7_SYMMI	36.913	149	92	2	1167	721	148	294	5.19e-13	70.5
TRINITY_DN4730_c0_g1_i2	tr|A0A1Q9D7X7|A0A1Q9D7X7_SYMMI	38.095	105	65	0	978	664	110	214	8.85e-10	60.8
TRINITY_DN4735_c0_g1_i1	tr|A0A1Q9CAF2|A0A1Q9CAF2_SYMMI	30.769	78	44	1	10	213	742	819	9.28e-07	45.4
TRINITY_DN4735_c0_g3_i1	tr|A0A1Q9CHL1|A0A1Q9CHL1_SYMMI	36.047	86	43	2	2	223	825	910	6.10e-09	51.6
TRINITY_DN4754_c0_g1_i1	tr|A0A1Q9DN03|A0A1Q9DN03_SYMMI	29.371	143	89	6	2433	2014	273	406	6.54e-09	61.2
TRINITY_DN4739_c0_g1_i12	tr|A0A1Q9EGQ3|A0A1Q9EGQ3_SYMMI	43.750	80	29	2	1601	1380	5	74	6.03e-14	73.6
TRINITY_DN4739_c0_g1_i3	tr|A0A1Q9EGQ3|A0A1Q9EGQ3_SYMMI	43.750	80	29	2	1570	1349	5	74	5.87e-14	73.6
TRINITY_DN4739_c0_g1_i4	tr|A0A1Q9EGQ3|A0A1Q9EGQ3_SYMMI	43.750	80	29	2	1541	1320	5	74	5.71e-14	73.6
TRINITY_DN4739_c0_g1_i2	tr|A0A1Q9EGQ3|A0A1Q9EGQ3_SYMMI	43.750	80	29	2	1510	1289	5	74	5.54e-14	73.6
TRINITY_DN4739_c0_g1_i8	tr|A0A1Q9EGQ3|A0A1Q9EGQ3_SYMMI	43.750	80	29	2	1650	1429	5	74	6.31e-14	73.6
TRINITY_DN4739_c0_g1_i11	tr|A0A1Q9EGQ3|A0A1Q9EGQ3_SYMMI	43.750	80	29	2	1492	1271	5	74	5.45e-14	73.6
TRINITY_DN4739_c0_g1_i6	tr|A0A1Q9EGQ3|A0A1Q9EGQ3_SYMMI	43.750	80	29	2	1619	1398	5	74	6.13e-14	73.6
TRINITY_DN4739_c0_g1_i9	tr|A0A1Q9EGQ3|A0A1Q9EGQ3_SYMMI	43.750	80	29	2	1461	1240	5	74	5.28e-14	73.6
TRINITY_DN4739_c1_g3_i2	tr|A0A1Q9DEE6|A0A1Q9DEE6_SYMMI	38.760	129	77	2	300	680	533	661	7.09e-23	100
TRINITY_DN4739_c1_g1_i2	tr|A0A1Q9CSV4|A0A1Q9CSV4_SYMMI	77.043	257	58	1	57	824	556	812	5.70e-119	368
TRINITY_DN4739_c1_g1_i5	tr|B4ZFY9|B4ZFY9_AMPCA	82.500	240	42	0	58	777	13	252	1.99e-145	432
TRINITY_DN4739_c1_g1_i8	tr|B4ZFY9|B4ZFY9_AMPCA	82.500	240	42	0	58	777	13	252	9.33e-146	432
TRINITY_DN4739_c1_g1_i6	tr|A0A1Q9CSV4|A0A1Q9CSV4_SYMMI	77.043	257	58	1	57	824	556	812	3.92e-119	368
TRINITY_DN4742_c0_g1_i5	tr|A0A1Q9D277|A0A1Q9D277_SYMMI	34.146	205	102	7	3390	2794	422	599	3.30e-22	105
TRINITY_DN4742_c0_g1_i5	tr|A0A1Q9D277|A0A1Q9D277_SYMMI	36.797	231	107	10	2259	1594	1039	1239	4.83e-21	101
TRINITY_DN4742_c0_g1_i6	tr|A0A1Q9D277|A0A1Q9D277_SYMMI	34.146	205	102	7	3408	2812	422	599	3.33e-22	105
TRINITY_DN4742_c0_g1_i6	tr|A0A1Q9D277|A0A1Q9D277_SYMMI	36.797	231	107	10	2277	1612	1039	1239	4.87e-21	101
TRINITY_DN4742_c0_g1_i3	tr|A0A1Q9D277|A0A1Q9D277_SYMMI	34.146	205	102	7	3374	2778	422	599	3.27e-22	105
TRINITY_DN4742_c0_g1_i3	tr|A0A1Q9D277|A0A1Q9D277_SYMMI	36.797	231	107	10	2243	1578	1039	1239	4.79e-21	101
TRINITY_DN4744_c0_g1_i2	tr|A0A1Q9ELX7|A0A1Q9ELX7_SYMMI	24.599	374	229	6	2776	1667	8	332	5.03e-17	88.2
TRINITY_DN4719_c0_g1_i2	tr|A0A1Q9DIE8|A0A1Q9DIE8_SYMMI	58.261	115	45	2	544	203	270	382	6.54e-40	145
TRINITY_DN4719_c0_g1_i1	tr|A0A1Q9DIE8|A0A1Q9DIE8_SYMMI	58.261	115	45	2	1002	661	270	382	4.24e-38	145
TRINITY_DN4757_c0_g2_i1	tr|A0A1Q9CRZ6|A0A1Q9CRZ6_SYMMI	32.855	697	428	10	3622	1616	17	701	5.91e-107	362
TRINITY_DN4757_c0_g1_i2	tr|A0A0E3J8M0|A0A0E3J8M0_9DINO	31.703	511	275	12	5198	3687	45	488	7.13e-61	219
TRINITY_DN4779_c0_g1_i7	tr|A0A1Q9CAF2|A0A1Q9CAF2_SYMMI	56.098	41	18	0	3	125	812	852	2.09e-08	49.7
TRINITY_DN4779_c0_g1_i6	tr|A0A1Q9CHL1|A0A1Q9CHL1_SYMMI	34.746	118	63	1	6	317	123	240	2.58e-10	57.0
TRINITY_DN4779_c0_g1_i6	tr|A0A1Q9CHL1|A0A1Q9CHL1_SYMMI	56.098	41	18	0	3	125	878	918	7.57e-08	50.1
TRINITY_DN4779_c0_g1_i4	tr|A0A1Q9CAF2|A0A1Q9CAF2_SYMMI	53.659	41	19	0	3	125	812	852	1.27e-07	48.1
TRINITY_DN4779_c0_g1_i8	tr|A0A1Q9CHL1|A0A1Q9CHL1_SYMMI	38.235	68	24	2	164	319	175	240	1.70e-09	40.8
TRINITY_DN4779_c0_g1_i8	tr|A0A1Q9CHL1|A0A1Q9CHL1_SYMMI	48.571	35	18	0	6	110	123	157	1.70e-09	38.1
TRINITY_DN4779_c0_g1_i8	tr|A0A1Q9CHL1|A0A1Q9CHL1_SYMMI	61.111	36	14	0	3	110	878	913	5.56e-07	47.4
TRINITY_DN4779_c0_g1_i5	tr|A0A1Q9CHL1|A0A1Q9CHL1_SYMMI	36.441	118	61	1	6	317	123	240	5.42e-15	70.1
TRINITY_DN4779_c0_g1_i5	tr|A0A1Q9CHL1|A0A1Q9CHL1_SYMMI	56.098	41	18	0	3	125	878	918	1.68e-07	48.9
TRINITY_DN4779_c0_g1_i1	tr|A0A1Q9CNB9|A0A1Q9CNB9_SYMMI	34.524	84	55	0	11	262	2300	2383	3.88e-08	50.1
TRINITY_DN4779_c0_g1_i3	tr|A0A1Q9CHL1|A0A1Q9CHL1_SYMMI	36.441	118	61	1	6	317	123	240	1.10e-14	69.3
TRINITY_DN4779_c0_g1_i3	tr|A0A1Q9CHL1|A0A1Q9CHL1_SYMMI	56.098	41	18	0	3	125	878	918	2.87e-07	48.1
TRINITY_DN4770_c0_g1_i1	tr|A0A1Q9ECY7|A0A1Q9ECY7_SYMMI	34.033	429	232	10	93	1295	36	441	2.74e-65	229
TRINITY_DN4701_c0_g4_i1	tr|A0A1Q9D816|A0A1Q9D816_SYMMI	32.203	118	79	1	460	813	1871	1987	4.36e-06	50.4
TRINITY_DN4701_c0_g1_i5	tr|A0A1Q9DHB0|A0A1Q9DHB0_SYMMI	50.877	57	25	2	505	669	346	401	1.74e-09	62.4
TRINITY_DN4701_c0_g1_i5	tr|A0A1Q9DHB0|A0A1Q9DHB0_SYMMI	48.214	56	26	2	202	363	346	400	1.63e-07	55.8
TRINITY_DN4701_c0_g1_i2	tr|A0A1Q9DHB0|A0A1Q9DHB0_SYMMI	50.877	57	25	2	505	669	346	401	1.71e-09	62.4
TRINITY_DN4701_c0_g1_i2	tr|A0A1Q9DHB0|A0A1Q9DHB0_SYMMI	48.214	56	26	2	202	363	346	400	1.61e-07	55.8
TRINITY_DN4701_c0_g1_i3	tr|A0A1Q9DHB0|A0A1Q9DHB0_SYMMI	50.877	57	25	2	505	669	346	401	2.29e-09	62.4
TRINITY_DN4701_c0_g1_i3	tr|A0A1Q9DHB0|A0A1Q9DHB0_SYMMI	48.214	56	26	2	202	363	346	400	2.12e-07	55.8
TRINITY_DN4701_c0_g1_i1	tr|A0A1Q9DHB0|A0A1Q9DHB0_SYMMI	50.877	57	25	2	505	669	346	401	2.23e-09	62.4
TRINITY_DN4701_c0_g1_i1	tr|A0A1Q9DHB0|A0A1Q9DHB0_SYMMI	48.214	56	26	2	202	363	346	400	2.07e-07	55.8
TRINITY_DN4716_c0_g1_i2	tr|A0A1Q9D9V0|A0A1Q9D9V0_SYMMI	30.688	189	120	2	407	973	271	448	2.17e-18	90.5
TRINITY_DN4716_c0_g1_i6	tr|A0A1Q9D9V0|A0A1Q9D9V0_SYMMI	30.688	189	120	2	407	973	271	448	2.30e-18	90.5
TRINITY_DN4716_c0_g1_i3	tr|A0A1Q9D9V0|A0A1Q9D9V0_SYMMI	30.688	189	120	2	407	973	271	448	1.35e-18	90.5
TRINITY_DN4716_c0_g1_i4	tr|A0A1Q9D9V0|A0A1Q9D9V0_SYMMI	30.688	189	120	2	407	973	271	448	2.19e-18	90.5
TRINITY_DN4705_c0_g1_i2	tr|A0A067XS82|A0A067XS82_KARVE	27.007	137	98	2	1125	718	4	139	1.61e-06	49.3
TRINITY_DN4705_c0_g1_i1	tr|A0A067XS82|A0A067XS82_KARVE	27.007	137	98	2	964	557	4	139	1.79e-06	49.3
TRINITY_DN4705_c0_g2_i1	tr|A0A1Q9CW65|A0A1Q9CW65_SYMMI	58.036	112	42	3	3179	2859	1	112	1.98e-32	129
TRINITY_DN4745_c0_g1_i3	tr|A0A1Q9CHD1|A0A1Q9CHD1_SYMMI	53.061	196	81	6	1054	470	12	197	3.47e-51	189
TRINITY_DN4745_c0_g1_i5	tr|A0A1Q9CHD1|A0A1Q9CHD1_SYMMI	53.061	196	81	6	972	388	12	197	8.69e-52	189
TRINITY_DN4745_c0_g1_i9	tr|A0A1Q9CHD1|A0A1Q9CHD1_SYMMI	53.061	196	81	6	992	408	12	197	8.39e-52	189
TRINITY_DN4745_c0_g1_i8	tr|A0A1Q9CHD1|A0A1Q9CHD1_SYMMI	53.061	196	81	6	1054	470	12	197	1.81e-51	189
TRINITY_DN4745_c0_g1_i4	tr|A0A1Q9CHD1|A0A1Q9CHD1_SYMMI	53.061	196	81	6	962	378	12	197	6.48e-52	189
TRINITY_DN4745_c0_g1_i7	tr|A0A1Q9CHD1|A0A1Q9CHD1_SYMMI	50.435	115	57	0	722	378	83	197	2.66e-30	124
TRINITY_DN4745_c0_g1_i7	tr|A0A1Q9CHD1|A0A1Q9CHD1_SYMMI	49.412	85	36	4	912	661	12	90	4.35e-11	66.2
TRINITY_DN4745_c0_g1_i2	tr|A0A1Q9CHD1|A0A1Q9CHD1_SYMMI	53.061	196	81	6	972	388	12	197	1.71e-51	189
TRINITY_DN4745_c0_g1_i1	tr|A0A1Q9CHD1|A0A1Q9CHD1_SYMMI	53.061	196	81	6	962	378	12	197	1.29e-51	189
TRINITY_DN4745_c3_g1_i3	tr|A0A1Q9CP64|A0A1Q9CP64_SYMMI	31.333	300	193	7	719	1603	133	424	4.29e-23	104
TRINITY_DN4745_c0_g2_i3	tr|A0A1Q9CUX4|A0A1Q9CUX4_SYMMI	48.161	299	140	7	62	925	6	300	3.99e-76	268
TRINITY_DN4745_c0_g2_i2	tr|A0A1Q9CUX4|A0A1Q9CUX4_SYMMI	48.161	299	140	7	62	925	6	300	9.41e-77	268
TRINITY_DN4745_c0_g2_i1	tr|A0A1Q9CUX4|A0A1Q9CUX4_SYMMI	48.161	299	140	7	62	925	6	300	8.28e-76	268
TRINITY_DN4711_c0_g1_i1	tr|A0A1Q9DGC0|A0A1Q9DGC0_SYMMI	47.162	229	113	6	1512	844	135	361	1.97e-45	174
TRINITY_DN4711_c0_g1_i1	tr|A0A1Q9DGC0|A0A1Q9DGC0_SYMMI	28.536	403	259	9	1518	343	252	636	5.10e-36	146
TRINITY_DN4711_c0_g1_i2	tr|A0A1Q9DGC0|A0A1Q9DGC0_SYMMI	47.162	229	113	6	1413	745	135	361	1.13e-45	174
TRINITY_DN4711_c0_g1_i2	tr|A0A1Q9DGC0|A0A1Q9DGC0_SYMMI	28.536	403	259	9	1419	244	252	636	3.12e-36	146
TRINITY_DN4711_c0_g2_i2	tr|A0A1Q9DU79|A0A1Q9DU79_SYMMI	46.512	129	66	1	772	386	20	145	4.38e-39	135
TRINITY_DN4733_c0_g1_i5	tr|A0A1Q9EA82|A0A1Q9EA82_SYMMI	45.424	295	120	3	1410	607	1843	2123	2.18e-67	244
TRINITY_DN4733_c0_g1_i5	tr|A0A1Q9EA82|A0A1Q9EA82_SYMMI	50.000	164	63	5	1851	1414	51	213	1.47e-27	121
TRINITY_DN4733_c0_g1_i4	tr|A0A1Q9EA82|A0A1Q9EA82_SYMMI	45.424	295	120	3	1442	639	1843	2123	2.63e-67	244
TRINITY_DN4733_c0_g1_i4	tr|A0A1Q9EA82|A0A1Q9EA82_SYMMI	50.000	164	63	5	1883	1446	51	213	1.53e-27	121
TRINITY_DN4733_c0_g1_i2	tr|A0A1Q9EA82|A0A1Q9EA82_SYMMI	45.424	295	120	3	1425	622	1843	2123	2.39e-67	244
TRINITY_DN4733_c0_g1_i2	tr|A0A1Q9EA82|A0A1Q9EA82_SYMMI	50.000	164	63	5	1866	1429	51	213	1.50e-27	121
TRINITY_DN4736_c0_g1_i2	tr|A0A1Q9E3M2|A0A1Q9E3M2_SYMMI	30.182	275	166	8	408	1193	112	373	1.93e-19	94.4
TRINITY_DN4736_c0_g1_i2	tr|A0A1Q9E3M2|A0A1Q9E3M2_SYMMI	33.333	240	144	5	543	1256	93	318	2.17e-18	91.3
TRINITY_DN4736_c0_g1_i2	tr|A0A1Q9E3M2|A0A1Q9E3M2_SYMMI	31.786	280	164	9	441	1265	97	354	1.40e-16	85.5
TRINITY_DN4756_c0_g1_i3	tr|A0A1Q9CI59|A0A1Q9CI59_SYMMI	31.984	247	152	6	118	855	1	232	2.41e-31	129
TRINITY_DN4756_c0_g1_i5	tr|A0A1Q9CI59|A0A1Q9CI59_SYMMI	31.984	247	152	6	118	855	1	232	4.01e-31	129
TRINITY_DN4756_c0_g1_i1	tr|A0A1Q9CI59|A0A1Q9CI59_SYMMI	31.984	247	152	6	104	841	1	232	1.58e-31	129
TRINITY_DN4756_c0_g1_i6	tr|A0A1Q9CI59|A0A1Q9CI59_SYMMI	31.984	247	152	6	104	841	1	232	2.65e-31	129
TRINITY_DN4738_c0_g1_i2	tr|A0A1Q9F405|A0A1Q9F405_SYMMI	34.831	89	57	1	862	1125	323	411	2.20e-07	54.7
TRINITY_DN4738_c0_g1_i4	tr|A0A1Q9F405|A0A1Q9F405_SYMMI	34.831	89	57	1	873	1136	323	411	2.22e-07	54.7
TRINITY_DN4738_c0_g1_i3	tr|A0A1Q9F405|A0A1Q9F405_SYMMI	34.831	89	57	1	862	1125	323	411	2.61e-07	54.7
TRINITY_DN4738_c0_g1_i1	tr|A0A1Q9F405|A0A1Q9F405_SYMMI	34.831	89	57	1	873	1136	323	411	2.63e-07	54.7
TRINITY_DN4708_c0_g1_i3	tr|A0A1Q9F4Z3|A0A1Q9F4Z3_SYMMI	29.282	181	119	4	990	463	2016	2192	1.15e-09	61.6
TRINITY_DN4708_c0_g1_i5	tr|A0A1Q9F4Z3|A0A1Q9F4Z3_SYMMI	29.282	181	119	4	758	231	2016	2192	4.80e-10	61.6
TRINITY_DN4708_c0_g1_i2	tr|A0A1Q9F4Z3|A0A1Q9F4Z3_SYMMI	29.282	181	119	4	1119	592	2016	2192	1.59e-09	61.6
TRINITY_DN4784_c0_g1_i9	tr|A0A1Q9CXX2|A0A1Q9CXX2_SYMMI	63.043	138	51	0	251	664	58	195	4.88e-60	191
TRINITY_DN4784_c0_g1_i4	tr|A0A1Q9CXX2|A0A1Q9CXX2_SYMMI	63.043	138	51	0	251	664	58	195	4.45e-60	191
TRINITY_DN4784_c0_g1_i2	tr|A0A1Q9CXX2|A0A1Q9CXX2_SYMMI	63.043	138	51	0	145	558	58	195	1.50e-61	191
TRINITY_DN4784_c0_g1_i1	tr|A0A1Q9CXX2|A0A1Q9CXX2_SYMMI	63.043	138	51	0	157	570	58	195	1.20e-61	192
TRINITY_DN4784_c0_g1_i8	tr|A0A1Q9CXX2|A0A1Q9CXX2_SYMMI	63.043	138	51	0	251	664	58	195	5.89e-61	191
